# callgrind format
version: 1
creator: callgrind-3.15.0
pid: 6198
cmd:  ./bin/exe row
part: 1


desc: I1 cache: 32768 B, 64 B, 8-way associative
desc: D1 cache: 32768 B, 64 B, 8-way associative
desc: LL cache: 11534336 B, 64 B, 11-way associative

desc: Timerange: Basic block 0 - 58803
desc: Trigger: Program termination

positions: line
events: Ir Dr Dw I1mr D1mr D1mw ILmr DLmr DLmw
summary: 272442 62951 24460 1179 2532 673 1154 2065 605


ob=(2) ???
fl=(18) ???
fn=(106) 0x00000000040010f0
0 2 1
cob=(1) /usr/lib/x86_64-linux-gnu/ld-2.31.so
cfi=(36) /build/glibc-SzIz7B/glibc-2.31/elf/dl-error-skeleton.c
cfn=(108) _dl_catch_error
calls=1 225 
0 2853 647 318 111 26 33 111 26 33

fn=(378) 0x00000000001090f0
0 36 18 0 1 1 0 1
cob=(3) /usr/lib/x86_64-linux-gnu/libc-2.31.so
cfi=(119) /build/glibc-SzIz7B/glibc-2.31/malloc/malloc.c
cfn=(380) malloc
calls=18 3023 
0 78244 15660 1096 92 1175 93 89 916 60

fn=(390) 0x0000000004869510
0 2 1 0 1 0 0 1
cob=(1)
cfi=(123) /build/glibc-SzIz7B/glibc-2.31/elf/../sysdeps/x86_64/dl-trampoline.h
cfn=(396) _dl_runtime_resolve_xsave
calls=1 67 
0 886 275 132 12 9 8 12 2 3
0 5 2 2 2 1 0 2

fn=(458) 0x0000000004869310
0 2 1 0 1 1 0 1
cob=(3)
cfi=(119)
cfn=(380)
calls=1 3023 
0 193 35 28 2 0 5 2 0 1

fn=(480) 0x00000000001090b0
0 66 33 0 1 1 0 1
cob=(3)
cfi=(143) /build/glibc-SzIz7B/glibc-2.31/libio/putchar.c
cfn=(482) putchar
calls=33 25 
0 5469 1593 903 7 0 0 7

fn=(428) 0x00000000001090d0
0 156 78
cob=(3)
cfi=(130) /build/glibc-SzIz7B/glibc-2.31/stdio-common/printf.c
cfn=(430) printf
calls=78 28 
0 58759 12884 9582 126 25 10 126 12 2

fn=(502) 0x00000000001090c0
0 2 1
cob=(3)
cfi=(149) /build/glibc-SzIz7B/glibc-2.31/libio/ioputs.c
cfn=(504) puts
calls=1 33 
0 411 100 49 7 0 0 7

fn=(512) 0x00000000001090a0
0 36 18
cob=(3)
cfi=(119)
cfn=(514) free
calls=18 3087 
0 1634 454 190 10 0 0 10

fn=(570) 0x000000000483129c
0 4 1 0 1 0 0 1

fn=(44) 0x00000000040010a0
0 44 22 0 1 0 0 1
cob=(1)
cfi=(19) /build/glibc-SzIz7B/glibc-2.31/elf/dl-minimal.c
cfn=(46) malloc
calls=22 49 
0 596 116 115 5 0 1 5 0 1

fn=(92) 0x0000000004001080
0 6 3
cob=(1)
cfi=(19)
cfn=(94) free
calls=3 109 
0 15 6 0 2 0 0 1

fn=(110) 0x0000000004001090
0 6 3
cob=(1)
cfi=(36)
cfn=(112) _dl_catch_exception
calls=3 175 
0 8969 1859 1076 205 64 105 202 64 105

fn=(434) 0x0000000004869390
0 312 156 0 1 1 0 1
cob=(3)
cfi=(132) /build/glibc-SzIz7B/glibc-2.31/string/../sysdeps/x86_64/multiarch/strchr-avx2.S
cfn=(436) __strchrnul_avx2
calls=156 44 
0 3588 312 0 3 1 0 3 1

fn=(552) 0x0000000000109838
0 4 1 0 1 0 0 1

fn=(496) 0x00000000001090e0
0 2 1
cob=(3)
cfi=(148) /build/glibc-SzIz7B/glibc-2.31/string/../sysdeps/x86_64/multiarch/strcmp-avx2.S
cfn=(498) __strcmp_avx2
calls=1 79 
0 21 5 0 2 1 0 2

fn=(330) 0x00000000048695e0
0 2 1 0 1 0 0 1
cob=(3)
cfi=(106) /build/glibc-SzIz7B/glibc-2.31/string/../sysdeps/x86_64/multiarch/strrchr-avx2.S
cfn=(332) __strrchr_avx2
calls=1 42 
0 34 2 0 4 1 0 4

fn=(40) 0x00000000040010c0
0 16 8 0 1 0 0 1
cob=(1)
cfi=(19)
cfn=(42) calloc
calls=8 92 
0 334 54 45 7 0 0 7

fn=(534) 0x0000000000109090
0 2 1
cob=(3)
cfi=(153) /build/glibc-SzIz7B/glibc-2.31/stdlib/cxa_finalize.c
cfn=(536) __cxa_finalize
calls=1 30 
0 75 20 12 7 1 1 7 1 1

fn=(560) 0x0000000004831040
0 2 1 0 1 0 0 1
cob=(3)
cfi=(153)
cfn=(536)
calls=1 30 
0 75 20 12

fn=(316) 0x0000000004831000
0 7 2 0 1 0 0 1

fn=(360) 0x0000000000109000
0 7 2 0 1 0 0 1

fn=(406) 0x0000000004869450
0 24 12 0 1 1 0 1
cob=(1)
cfi=(8) /build/glibc-SzIz7B/glibc-2.31/elf/dl-tunables.c
cfn=(26) __tunable_get_val
calls=11 368 
0 218 44 11 0 14
cob=(1)
cfi=(123)
cfn=(396)
calls=1 67 
0 797 255 129 3 49 22 0 2
0 5 2 2 1 1 0 1

fn=(444) 0x0000000004869460
0 8 4
cob=(3)
cfi=(136) /build/glibc-SzIz7B/glibc-2.31/string/../sysdeps/x86_64/multiarch/strlen-avx2.S
cfn=(446) __strlen_avx2
calls=4 42 
0 76 9 0 4 1 0 4 1

fn=(468) 0x00000000048695a0
0 312 156 0 1 1 0 1
cob=(3)
cfi=(141) /build/glibc-SzIz7B/glibc-2.31/string/../sysdeps/x86_64/multiarch/memmove-vec-unaligned-erms.S
cfn=(470) __mempcpy_avx_unaligned_erms
calls=156 212 
0 2890 408 252 4 0 0 4

ob=(5) /home/linkachu/systemsProgramming/lab8/matrixMultiplication/bin/exe
fl=(111) ???
fn=(528) 0x00000000000011a0
0 9 3 2 0 1
cob=(2)
cfi=(18)
cfn=(534)
calls=1 0 
0 77 21 12 7 1 1 7 1 1
0 1 0 1
cfn=(546) 0x0000000000001130
calls=1 0 
0 5 1
0 3 2 1

fn=(358) __libc_csu_init
0 15 0 7 1 0 0 1
cob=(2)
cfi=(18)
cfn=(360)
calls=1 0 
0 7 2 0 1 0 0 1
0 8 1 1 1 0 0 1
cfn=(364) 0x00000000000011e0
calls=1 0 
0 12 1 0 3 0 0 3
0 11 7

fn=(348) _start
0 12 2 3 1 0 0 1
cob=(3)
cfi=(112) /build/glibc-SzIz7B/glibc-2.31/csu/../csu/libc-start.c
cfn=(350) (below main)
calls=1 137 
0 153547 34158 12916 376 1241 113 359 932 65

fn=(364)
0 12 1 0 3 0 0 3

fn=(546)
0 5 1

fl=(118) /home/linkachu/systemsProgramming/lab8/matrixMultiplication/src/matrixMultiplication.c
fn=(510) freeMatrix
64 21 0 12
+1 6 0 3
+1 120 45 15
cob=(2)
cfi=(18)
cfn=(512)
calls=15 -66 
* 1418 400 157 10 0 0 10
-1 69 36 15
+3 9 3 3
cob=(2)
cfi=(18)
cfn=(512)
calls=3 -68 
* 252 72 33
+2 3
+1 6 6

fn=(376) main
73 7 0 4 1 0 0 1
+2 1 0 1
+5 5 1 1 1 0 0 1
cob=(2)
cfi=(18)
cfn=(378)
calls=1 -80 
* 75033 15049 620 89 1175 85 86 916 52
* 1 0 1 0 0 1
+1 2 0 1
+1 50 15 5
cob=(2)
cfi=(18)
cfn=(378)
calls=5 -82 
* 955 185 140 4 1 2 4 0 2
* 5 0 5
-1 23 12 5 1 0 0 1
+3 2 0 1
+1 10 0 5
+1 300 125 25
-1 115 60 25
-1 23 12 5 1 0 0 1
+7 5 1 1
cob=(2)
cfi=(18)
cfn=(378)
calls=1 -91 
* 191 37 28 0 0 1 0 0 1
* 1 0 1 0 0 1
+1 2 0 1 1 0 0 1
+1 50 15 5
cob=(2)
cfi=(18)
cfn=(378)
calls=5 -93 
* 955 185 140 0 0 2 0 0 2
* 5 0 5
-1 23 12 5
+3 2 0 1 1 0 0 1
+1 10 0 5
+1 300 125 25
-1 115 60 25
-1 23 12 5 1 0 0 1
+5 6 3 1
cfn=(426) printMatrix
calls=1 -49 
* 22503 5180 3637 136 25 10 136 11 2
+1 6 3 1
cfn=(426)
calls=1 -50 
* 21709 4991 3526 2 1 0 2 1
+3 8 3 1 1 1 0 1
cob=(2)
cfi=(18)
cfn=(496)
calls=1 0 
* 23 6 0 2 1 0 2
* 2
+1 2 0 1
+5 11 7 2 1 0 0 1
cfn=(500) matrixMultiplication
calls=1 10 
* 5769 2105 605 13 0 3 13 0 3
* 2 0 1
+1 6 3 1
cfn=(426)
calls=1 -60 
* 21927 5017 3556
+3 6 3 1 1 0 0 1
cfn=(510)
calls=1 -50 
* 582 174 82 9 0 0 9
+1 6 3 1
cfn=(510)
calls=1 -51 
* 640 189 79 1 0 0 1
+1 6 3 1
cfn=(510)
calls=1 -52 
* 682 199 77
+2 1
+1 3 3

fn=(426)
51 24 0 15 1 0 0 1
+1 15 3 3
cob=(2)
cfi=(18)
cfn=(428)
calls=3 -52 
* 3004 670 477 86 20 10 86 7 2
+1 6 0 3 1 0 0 1
+1 30 0 15
cob=(2)
cfi=(18)
cfn=(480)
calls=15 -54 
* 1575 510 255 7 1 0 7
+1 30 0 15
+1 1125 375 75
cob=(2)
cfi=(18)
cfn=(428)
calls=75 -56 
* 55911 12292 9105 40 5 0 40 5
-1 345 180 75
+3 30 0 15
cob=(2)
cfi=(18)
cfn=(480)
calls=15 -58 
* 3300 930 540 1 0 0 1
-5 69 36 15 1 0 0 1
+7 6 0 3
cob=(2)
cfi=(18)
cfn=(480)
calls=3 -60 
* 660 186 108
+1 3 0 0 1 0 0 1
+1 6 6

fn=(500)
10 11 0 8 1 0 0 1
+3 3 2
+5 5 1 1
cob=(2)
cfi=(18)
cfn=(378)
calls=1 -18 
* 191 37 28
* 1 0 1
+3 2 0 1
+1 50 15 5
cob=(2)
cfi=(18)
cfn=(378)
calls=5 -22 
* 955 185 140 0 0 3 0 0 3
* 5 0 5
-1 23 12 5 1 0 0 1
+3 2 1
+1 2 0 1 1 0 0 1
cob=(2)
cfi=(18)
cfn=(502)
calls=1 -25 
* 413 101 49 7 0 0 7
+1 2 0 1
+1 10 0 5
+1 25 0 25
+1 50 0 25
+1 3000 1250 125 1 0 0 1
-1 575 300 125
+3 300 125 25
-5 115 60 25 1 0 0 1
-1 24 12 5 1 0 0 1
+22 1 1
+1 4 3

ob=(1)
fl=(57) /build/glibc-SzIz7B/glibc-2.31/elf/dl-version.c
fn=(186) _dl_check_map_versions
156 32 0 24 1 0 0 1
+15 4 4
-15 8 0 8
+15 8
+2 4 4
+3 8 4 0 1 0 0 1
-3 4 0 4
+2 4 4
+1 4 0 4
-1 4 0 4
+3 8
+3 4 4
-16 2
-8 2 0 2
+28 2 2 0 0 2 0 0 2
-4 2 0 2 1 0 0 1
+4 12 2
+16 2 2
37 4 2
201 2 2
37 10 2 0 1 0 0 1
+1 5 5
-1 10
+2 21 0 7
cfi=(38) /build/glibc-SzIz7B/glibc-2.31/elf/dl-misc.c
cfn=(120) _dl_name_match_p
calls=7 282 
* 636 160 29
* 14
209 6 2
+5 2 2
-71 4 0 4 1 0 0 1
+71 4 2
-71 6 0 2
+79 2 2
-2 2 2 0 0 1 0 0 1
-2 4 4
+4 2 0 2
-4 12 10 0 1 0 0 1
+4 1 1
-2 1 1 0 0 1 0 0 1
-2 2 2
+4 1 0 1
-4 11 7
57 3 2 1
+8 3 1 0 1 0 0 1
-8 6 4 2
+8 6 2
+6 9 3
+16 3 3 0 0 1
+1 6
+2 3 3
+5 21 3 6 0 2 0 0 2
+14 20 10 0 1 0 0 1
+12 21 7 0 0 2 0 0 2
+4 7
-30 14 7 0 0 1 0 0 1
225 12 3
+3 9 3
+5 1
-11 1
111 3 3 0 1 0 0 1
+3 12 6 3 1 0 0 1
cfi=(22) /build/glibc-SzIz7B/glibc-2.31/string/../sysdeps/x86_64/strcmp.S
cfn=(58) strcmp
calls=3 -3 
* 122 20 0 3 5 0 3 5
* 14 2
237 8 4
-27 2 0 0 1 0 0 1
+41 8 2
+3 8 6
+10 70
-7 140 35 0 0 11 0 0 11
+3 105 35 0 0 5 0 0 5
-3 8 2
+3 6 2
+8 6 0 0 1 0 0 1
+89 36 32
165 2 0 0 1 0 0 1
+86 2 2
-94 2 0 2
+94 3
+23 12 0 3 1 0 0 1
cob=(2)
cfi=(18)
cfn=(40)
calls=3 0 
* 114 21 15
-1 3 0 3
+1 3
+1 6
+13 3 3
-3 3 0 3
+3 6 3 3 1 0 0 1
+2 9 3
+3 8 6
+4 6 2
+7 3
+1 3
-1 6 3
+1 3
-1 3
+1 3 0 3 0 0 2 0 0 2
+1 3 3
-2 3 0 3
+2 6 0 3
+1 9 3 3 0 0 1 0 0 1
+3 9 3
+5 1
-15 1 1
+2 1
-2 1
+2 1
-2 1
+2 2
-2 2 2 0 1 0 0 1
+2 2
-2 2
+2 2
-2 2
+2 4 0 0 1 0 0 1
+16 6 2
+10 9 3
+3 8 6
+4 35 35
+6 35 35
+1 35 35
+1 35 35
-1 105
+1 35
-1 35 0 35 0 0 9 0 0 9
+1 35 0 35
+1 35 0 35 0 0 5 0 0 5
+3 105 35
+4 35
-14 74 37 0 1 0 0 1
+10 6 2

fn=(184) _dl_check_all_versions
362 6 0 4 1 0 0 1
+4 5
-2 2
+4 24 4 4 1 0 0 1
cfn=(186)
calls=4 156 
* 2452 712 251 21 31 17 21 30 17
-2 4 4
+2 16
-2 8
+5 7 5

fl=(39) /build/glibc-SzIz7B/glibc-2.31/io/../sysdeps/unix/sysv/linux/open64_nocancel.c
fn=(124) __open_nocancel
34 11 0 0 1 0 0 1
+3 11
-3 33 0 11 1 0 1 1 0 1
+3 66
+8 77
+2 3 3
-2 24 0 8 1 0 0 1
+2 8 8

fl=(59) /build/glibc-SzIz7B/glibc-2.31/elf/dl-reloc.c
fn=(198) _dl_relocate_object
148 44 0 24 2 0 0 2
+15 4
-15 8 0 8
+15 4
+1 20 4 4 0 1
+6 8 4 0 1 0 0 1
+6 20 8
-18 6
+22 6
+7 16 4 4 1 0 0 1
+40 4 4
fi=(5) /build/glibc-SzIz7B/glibc-2.31/elf/../sysdeps/x86_64/dl-machine.h
76 4 4
fe=(59)
227 8 4 4
fi=(5)
76 12
+6 4 4 0 0 1
+4 6 2 0 0 2 0 0 1
+14 2 2 0 1 0 0 1
-8 2 0 2
+8 4
+20 4 2 0 0 1
+11 8 2 0 0 1 0 0 1
fe=(59)
255 144 44 28 3 12 0 3
-96 2
fi=(5)
481 6 0 2 1 0 0 1
fe=(59)
159 4 0 4
+96 2 2
fi=(4) /build/glibc-SzIz7B/glibc-2.31/elf/do-rel.h
48 2 2 0 0 1
fe=(59)
255 2 2
fi=(4)
47 2 2
+11 2 2
-11 4 0 2
+11 4
fe=(59)
255 2
-96 2
fi=(5)
481 6 0 2
fe=(59)
159 4 0 4
+96 2 2
fi=(4)
48 2 2
fe=(59)
255 2 2
fi=(4)
47 2 2
+11 2 2
-11 4 0 2
+11 4
fe=(59)
255 4 4
fi=(4)
48 4 4
fe=(59)
255 4 4 0 0 1
fi=(4)
47 4 4
+11 4 4
-11 8 0 4
+11 8
-7 2
-1 4 0 0 1 0 0 1
+11 4
fi=(5)
552 16 8
+4 16
+3 24 8
+1 8 0 8 0 0 4 0 0 3
fi=(4)
61 141
+2 192 48 0 1 18 0 1 18
+2 121
-4 3
+13 4
+1 7 1
+1 80 40
fi=(5)
552 40 40
+25 80 80
+2 40 0 40
cob=(3)
cfi=(100) /build/glibc-SzIz7B/glibc-2.31/string/../sysdeps/x86_64/multiarch/strncase_l.c
cfn=(296) strncasecmp_l
calls=1 31 
* 6 3 0 1 0 0 1
cob=(3)
cfi=(99) /build/glibc-SzIz7B/glibc-2.31/string/../sysdeps/x86_64/multiarch/strchrnul.c
cfn=(294) strchrnul
calls=1 31 
* 10 3 0 1 0 0 1
cob=(3)
cfi=(97) /build/glibc-SzIz7B/glibc-2.31/wcsmbs/../sysdeps/x86_64/multiarch/wmemcmp.c
cfn=(290) wmemcmp
calls=1 29 
* 13 5 0 1 0 0 1
cob=(3)
cfi=(96) /build/glibc-SzIz7B/glibc-2.31/string/../sysdeps/x86_64/multiarch/stpcpy.c
cfn=(288) stpcpy
calls=1 33 
* 9 3 0 2 0 0 2
cob=(3)
cfi=(95) /build/glibc-SzIz7B/glibc-2.31/string/../sysdeps/x86_64/multiarch/stpncpy.c
cfn=(286) stpncpy
calls=1 31 
* 9 3 0 1 0 0 1
cob=(3)
cfi=(94) /build/glibc-SzIz7B/glibc-2.31/string/../sysdeps/x86_64/multiarch/strspn.c
cfn=(284) strspn
calls=1 29 
* 7 3 0 2 0 0 2
cob=(3)
cfi=(93) /build/glibc-SzIz7B/glibc-2.31/wcsmbs/../sysdeps/x86_64/multiarch/wcslen.c
cfn=(282) wcslen
calls=1 29 
* 10 3 0 2 0 0 2
cob=(3)
cfi=(92) /build/glibc-SzIz7B/glibc-2.31/string/../sysdeps/x86_64/multiarch/memchr.c
cfn=(280) memchr
calls=1 29 
* 10 3 0 1 0 0 1
cob=(3)
cfi=(91) /build/glibc-SzIz7B/glibc-2.31/string/../sysdeps/x86_64/multiarch/strcasecmp_l.c
cfn=(278) strcasecmp_l
calls=1 31 
* 6 3 0 1 0 0 1
cob=(3)
cfi=(90) /build/glibc-SzIz7B/glibc-2.31/string/../sysdeps/x86_64/multiarch/memrchr.c
cfn=(276) memrchr
calls=1 29 
* 10 3 0 2 0 0 2
cob=(3)
cfi=(89) /build/glibc-SzIz7B/glibc-2.31/string/../sysdeps/x86_64/multiarch/strlen.c
cfn=(274) strlen
calls=1 29 
* 10 3 0 1 0 0 1
cob=(3)
cfi=(88) /build/glibc-SzIz7B/glibc-2.31/string/../sysdeps/x86_64/multiarch/strchr.c
cfn=(272) index
calls=1 49 
* 9 3 0 1 0 0 1
cob=(3)
cfi=(87) /build/glibc-SzIz7B/glibc-2.31/string/../sysdeps/x86_64/multiarch/strpbrk.c
cfn=(270) strpbrk
calls=1 29 
* 7 3 0 1 0 0 1
cob=(3)
cfi=(86) /build/glibc-SzIz7B/glibc-2.31/wcsmbs/../sysdeps/x86_64/multiarch/wcscpy.c
cfn=(268) wcscpy
calls=1 43 
* 7 3 0 1 0 0 1
cob=(3)
cfi=(84) /build/glibc-SzIz7B/glibc-2.31/wcsmbs/../sysdeps/x86_64/multiarch/wmemset.c
cfn=(264) wmemset
calls=2 31 
* 34 6 0 3 0 0 3
cob=(3)
cfi=(83) /build/glibc-SzIz7B/glibc-2.31/wcsmbs/../sysdeps/x86_64/multiarch/wcsnlen.c
cfn=(262) wcsnlen
calls=1 49 
* 9 3 0 2 0 0 2
cob=(3)
cfi=(82) /build/glibc-SzIz7B/glibc-2.31/string/../sysdeps/x86_64/multiarch/memcpy.c
cfn=(258) memcpy@@GLIBC_2.14
calls=1 29 
* 17 5 0 2 0 0 2
cob=(3)
cfi=(81) /build/glibc-SzIz7B/glibc-2.31/string/../sysdeps/x86_64/multiarch/strcpy.c
cfn=(256) strcpy
calls=1 29 
* 9 3 0 1 0 0 1
cob=(3)
cfi=(80) /build/glibc-SzIz7B/glibc-2.31/string/../sysdeps/x86_64/multiarch/strncase.c
cfn=(254) strncasecmp
calls=1 31 
* 6 3 0 2 0 0 2
cob=(3)
cfi=(79) /build/glibc-SzIz7B/glibc-2.31/string/../sysdeps/x86_64/multiarch/strcspn.c
cfn=(252) strcspn
calls=1 29 
* 7 3 0 2 0 0 2
cob=(3)
cfi=(78) /build/glibc-SzIz7B/glibc-2.31/string/../sysdeps/x86_64/multiarch/strnlen.c
cfn=(250) strnlen
calls=2 31 
* 20 6 0 2 0 0 2
cob=(3)
cfi=(77) /build/glibc-SzIz7B/glibc-2.31/wcsmbs/../sysdeps/x86_64/multiarch/wcschr.c
cfn=(248) wcschr
calls=2 31 
* 20 6 0 1 0 0 1
cob=(3)
cfi=(75) /build/glibc-SzIz7B/glibc-2.31/string/../sysdeps/x86_64/multiarch/memset.c
cfn=(244) memset
calls=1 29 
* 19 6 0 2 0 0 2
cob=(3)
cfi=(74) /build/glibc-SzIz7B/glibc-2.31/string/../sysdeps/x86_64/multiarch/strcmp.c
cfn=(242) strcmp
calls=1 53 
* 9 3 0 2 0 0 2
cob=(3)
cfi=(73) /build/glibc-SzIz7B/glibc-2.31/string/../sysdeps/x86_64/multiarch/strncmp.c
cfn=(240) strncmp
calls=1 54 
* 9 3 0 2 0 0 2
cob=(3)
cfi=(71) /build/glibc-SzIz7B/glibc-2.31/string/../sysdeps/x86_64/multiarch/memcmp.c
cfn=(236) bcmp
calls=1 29 
* 13 5 0 2 0 0 2
cob=(3)
cfi=(70) /build/glibc-SzIz7B/glibc-2.31/string/../sysdeps/x86_64/multiarch/mempcpy.c
cfn=(232) mempcpy
calls=1 33 
* 17 5 0 2 0 0 2
cob=(3)
cfi=(69) /build/glibc-SzIz7B/glibc-2.31/wcsmbs/../sysdeps/x86_64/multiarch/wcscmp.c
cfn=(230) wcscmp
calls=1 30 
* 10 3 0 2 0 0 2
cob=(3)
cfi=(68) /build/glibc-SzIz7B/glibc-2.31/wcsmbs/../sysdeps/x86_64/multiarch/wmemchr.c
cfn=(228) wmemchr
calls=2 31 
* 20 6 0 2 0 0 2
cob=(3)
cfi=(67) /build/glibc-SzIz7B/glibc-2.31/string/../sysdeps/x86_64/multiarch/rawmemchr.c
cfn=(226) rawmemchr
calls=1 31 
* 10 3 0 2 0 0 2
cob=(3)
cfi=(66) /build/glibc-SzIz7B/glibc-2.31/string/../sysdeps/x86_64/multiarch/strrchr.c
cfn=(224) rindex
calls=1 28 
* 10 3 0 1 0 0 1
cob=(3)
cfi=(65) /build/glibc-SzIz7B/glibc-2.31/string/../sysdeps/x86_64/multiarch/strcat.c
cfn=(222) strcat
calls=1 29 
* 9 3 0 2 0 0 2
cob=(3)
cfi=(64) /build/glibc-SzIz7B/glibc-2.31/string/../sysdeps/x86_64/multiarch/strcasecmp.c
cfn=(220) strcasecmp
calls=1 31 
* 6 3 0 2 0 0 2
cob=(3)
cfi=(63) /build/glibc-SzIz7B/glibc-2.31/string/../sysdeps/x86_64/multiarch/strncpy.c
cfn=(218) strncpy
calls=1 29 
* 9 3 0 2 0 0 2
cob=(3)
cfi=(61) /build/glibc-SzIz7B/glibc-2.31/string/../sysdeps/x86_64/multiarch/memmove.c
cfn=(214) memmove
calls=2 29 
* 34 10 0 2 2 0 2
-27 40
+28 40 0 40 0 0 3 0 0 3
fi=(4)
75 121
fe=(59)
255 32 16 8 2 0 0 2
+3 16 4
+24 4 0 4
+3 8 4
+17 12 4 0 0 3
+2 32 28 0 0 1
177 8 4 0 1 3 0 1
+3 3
fi=(4)
-96 6 6 0 1 0 0 1
-1 6 6
+3 6 6
-3 6 0 6
+3 6
+12 6
-12 6 0 0 1 0 0 1
+12 12
+10 8
+10 9 3 0 0 1
+3 10 5 5 0 2 1
+3 10 5 0 1 1 0 1
-73 3 0 3 0 0 1
-1 3 0 3
fi=(5)
491 9 0 3
fi=(4)
127 440 110 0 1 28 0 1 25
+9 220 110
+1 110 110
-1 220 110 0 0 39 0 0 36
+1 110
+2 110 110
-2 110
+2 220 110 110
-1 220 110 110 0 1
fi=(5)
276 220 0 0 1 0 0 1
+21 220
+4 220
+7 440 110 0 0 71 0 0 65
fi=(60) /build/glibc-SzIz7B/glibc-2.31/elf/../sysdeps/generic/ldsodefs.h
126 279 93
fi=(5)
308 1759 93 0 2 2 0 2
fi=(4)
138 90
fi=(5)
308 90 0 90
fi=(4)
138 90
fi=(5)
308 90 0 90
fi=(4)
138 90
fi=(5)
308 1260 360 270 1 4 1 1
cfi=(6) /build/glibc-SzIz7B/glibc-2.31/elf/dl-lookup.c
cfn=(206) _dl_lookup_symbol_x
calls=90 841 
* 48997 13294 5914 42 318 9 42 267 4
* 540 270 180 0 0 1
+1 279 0 0 1 0 0 1
+24 658 110 0 0 2 0 0 2
457 279 186 93 0 12 10 0 10 6
+1 93
fi=(4)
124 330 110 0 1 0 0 1
+19 15 6
fi=(5)
429 51 17 0 1 0 0 1
+4 68 17 0 1 1 0 1
+5 17 17
+9 17 17
-9 34 17 0 0 2 0 0 2
+9 34 0 17 0 0 8 0 0 8
fi=(4)
111 11 0 0 1 0 0 1
+1 3 3 0 0 2 0 0 1
fi=(5)
536 3 3
fi=(4)
112 3
fi=(5)
536 6
fi=(4)
112 1214 1214 0 0 152 0 0 152
fi=(5)
536 1214 1214 0 0 153 0 0 153
fi=(4)
112 1214
fi=(5)
536 2428
+5 2434 0 0 1 0 0 1
+1 1217 1217 0 0 151 0 0 151
fi=(4)
111 1217
fi=(5)
542 2434 0 1217 0 0 231 0 0 228
fi=(4)
111 2434
+7 9 3 0 0 3
-67 1 0 1
160 5 1 2 1 0 0 1
+2 20 5 0 0 1 0 0 1
+9 15 10 5
-1 30 5 5 1 0 0 1
fi=(5)
276 10
+21 10
+4 10
+7 20 5 0 1 2 0 1 2
fi=(60)
126 15 5
fi=(5)
308 165 20 30 2 1 0 2
cfi=(6)
cfn=(206)
calls=5 841 
* 2631 646 287 4 11 0 4 9
* 35 20 10 0 0 1
+1 15
+24 64 5 0 1 1 0 1 1
-24 155 121 0 1 0 0 1
+3 104
-3 104 104
+3 208
+2 5 1
+3 2
+1 3 1
+1 2 0 0 1 0 0 1
+4 1 0 1 1 0 0 1
+7 1 0 1
cob=(3)
cfi=(74)
cfn=(242)
calls=1 53 
* 9 3
* 2 1
+3 2
-25 39 0 0 1 0 0 1
+1 348 174 0 1 0 0 1
fe=(59)
+1 20 12 0 2 1 0 2
+3 4
-3 4
+3 4
+4 8
+1 16 0 4
cfi=(101) /build/glibc-SzIz7B/glibc-2.31/misc/../sysdeps/unix/syscall-template.S
cfn=(298) mprotect
calls=4 78 
* 24 4 0 2 0 0 1
* 8
fi=(5)
124 8 2 0 2 0 0 2
-2 4 0 2
fe=(59)
255 6 0 2
fi=(5)
+53 39 6 6 1 0 0 1
457 15 10 5 1 1 1 1 1 1
+1 5
fi=(4)
160 16 6
+14 3 1
fi=(5)
309 1 1 0 1 0 0 1
+3 1
-3 1 1
+3 2
-3 4 2 0 1 0 0 1
-1 120 6 0 2 0 0 2
fe=(59)

fl=(17) /build/glibc-SzIz7B/glibc-2.31/elf/dl-object.c
fn=(50) _dl_add_to_namespace_list
31 6 0 3 1 0 0 1
+2 3
-2 6 0 3 1 0 0 1
+2 3
-2 6 0 3
+2 3 3 3
cfi=(2) /build/glibc-SzIz7B/glibc-2.31/elf/rtld.c
cfn=(52) rtld_lock_default_lock_recursive
calls=3 801 
* 9 3 3 1 0 1 1 0 1
+2 20 3
+3 20 5
+2 2 0 2
+2 2 0 2
+4 2
+4 2
+1 2 2
-5 4 0 2
+1 4 2 2
+1 2
+3 2 2
-3 2 0 2
+3 2 2
-1 2 2
cfi=(2)
cfn=(54) rtld_lock_default_unlock_recursive
calls=2 807 
* 6 2 2
-4 1 0 0 1 0 0 1
+4 1
+1 1 1
-5 2 0 1
+1 2 1 1
+1 1
+3 1 1
-3 1 0 1
+3 1 1
-1 1 1
cfi=(2)
cfn=(54)
calls=1 807 
* 3 1 1
-5 2 0 1

fn=(38) _dl_new_object
59 33 0 21 1 0 2 1 0 2
+3 3
-3 6 0 6 0 0 1 0 0 1
+3 6 0 3 1 0 0 1
+15 8 2 2
cfi=(14) /build/glibc-SzIz7B/glibc-2.31/string/../sysdeps/x86_64/multiarch/../strlen.S
cfn=(30) strlen
calls=2 -36 
* 78 15
* 10
+12 8 0 6
cob=(2)
cfi=(18)
cfn=(40)
calls=2 -89 
* 115 19 14 1 0 0 1
* 4 0 3 1 0 1 1 0 1
cob=(2)
cfi=(18)
cfn=(40)
calls=1 -89 
* 45 8 6 7 0 0 7
* 3
+3 6
+4 3 3
+5 3 3
-6 3 0 3 0 0 3 0 0 3
+6 3
-5 3
+5 3
-5 3 0 3 0 0 3 0 0 3
+5 3
-1 3
+1 3 0 3
-1 3 0 3 1 0 1 1 0 1
+1 3 0 3
cfi=(20) /build/glibc-SzIz7B/glibc-2.31/string/../sysdeps/x86_64/multiarch/memmove-vec-unaligned-erms.S
cfn=(48) memcpy
calls=3 +26 
* 52 14 11 2 1 4 2 1 4
* 3 3
+15 6 6
-15 3 0 3 0 0 1 0 0 1
+15 3 3
-13 3 0 3
+13 10
+6 1
+2 7 2 2 1 1 0 1 1
+3 2 1
-3 14 4 4 0 2 0 0 2
+3 4 2
+2 3 0 3
+4 3 0 3
+3 14 0 0 1 0 0 1
+2 1 0 1 0 0 1 0 0 1
-2 3
+2 15 0 15 0 0 3 0 0 3
-2 45
+16 6
-5 3 0 3 1 0 3 1 0 3
+5 3
-6 3
+6 3 3
-6 3 0 3
+6 6
+2 4 0 2 0 0 1 0 0 1
+3 4
-3 4
+7 8 2
+4 4
+2 1 0 0 1 0 0 1
+6 1 0 1 0 0 1 0 0 1
+3 1
+10 2 0 1
-10 1 0 1
+10 1
-10 2
+10 4 0 2
-10 2 0 2
+10 2
+2 2 2 0 1 0 0 1
+21 2
-21 2 0 2
cfi=(14)
cfn=(30)
calls=2 41 
* 96 18 0 0 1 0 0 1
+4 2 2
-4 6 0 2
+17 2
-13 6
+50 6 4 2 1 0 0 1
cfi=(20)
cfn=(78) mempcpy
calls=2 114 
* 42 12 10 0 0 2 0 0 2
* 2
+5 4
+1 4 2
-1 80
+1 80 40
+2 4
+3 2 0 2
+3 2 0 2 0 0 1 0 0 1
+4 27 21 0 1 0 0 1
128 6 0 3 1 0 3 1 0 3
+37 6
-15 1
+7 4 0 0 1 0 0 1
-21 4 2 0 1 0 0 1
+60 4 0 2
cob=(2)
cfi=(18)
cfn=(44)
calls=2 0 
* 54 12 10
* 2
+1 8
64 2 0 0 1 0 0 1
+1 6
+9 1
-5 2

fl=(10) /build/glibc-SzIz7B/glibc-2.31/elf/../sysdeps/unix/sysv/linux/dl-sysdep.c
fn=(68) _dl_discover_osversion
46 5 0 3 1 0 0 1
+2 3 1
+85 5 4 0 1 0 0 1
-45 2 0 1 1 0 1 1 0 1
cfi=(26) /build/glibc-SzIz7B/glibc-2.31/posix/../sysdeps/unix/syscall-template.S
cfn=(70) uname
calls=1 -10 
* 6 1 0 1 0 0 1
+15 1
-15 2
+20 1
-1 1
+3 12 3 0 0 1 0 0 1
+4 3 3
-2 6
+2 10
+2 1
+1 2
-3 4 1
+7 3 0 0 1 0 0 1
-1 3
+4 3
-2 3
+2 10
+5 2 0 0 1 0 0 1

fl=(42) /build/glibc-SzIz7B/glibc-2.31/io/../sysdeps/unix/sysv/linux/wordsize-64/fxstat.c
fn=(132) _fxstat
33 12 0 0 1 0 0 1
+1 6
+1 12 0 0 1 0 0 1
+4 3 3

fl=(38)
fn=(162) _dl_sysdep_read_whole_file
44 2 0 1 1 0 0 1
+3 1
-3 6 0 3 1 0 0 1
+3 1
-3 1
+3 1 0 1
cfi=(39)
cfn=(124)
calls=1 -13 
* 19 1 1
+1 2
+23 7 5
-21 5 0 1 1 0 0 1
cfi=(42)
cfn=(132)
calls=1 -17 
* 11 1
* 2
+2 2 1 1
+3 2
+13 2 0 1
cfi=(46) /build/glibc-SzIz7B/glibc-2.31/io/../sysdeps/unix/sysv/linux/close_nocancel.c
cfn=(144) __GI___close_nocancel
calls=1 -43 
* 6 1
* 1
-11 6 0 1
cfi=(43) /build/glibc-SzIz7B/glibc-2.31/misc/../sysdeps/unix/sysv/linux/mmap64.c
cfn=(136) mmap
calls=1 -9 
* 20 3 2
* 2 0 0 1 0 0 1

fn=(120)
282 84 0 28 1 0 1 1 0 1
+1 28 14 14 0 0 1 0 0 1
cfi=(22)
cfn=(58)
calls=14 111 
* 350 98
* 14
+1 14
-1 28
+3 14 14
+2 28
+4 15 15
-4 30
+1 54 18 18 1 0 0 1
cfi=(22)
cfn=(58)
calls=18 111 
* 576 138 0 4 1 0 4 1
* 36
-5 3
+11 23 9
-1 11
+1 33 33

fl=(33) /build/glibc-SzIz7B/glibc-2.31/elf/dl-debug.c
fn=(100) _dl_debug_state
73 2
+1 2 2

fn=(96) _dl_debug_initialize
46 4 0 0 1 0 0 1
+3 8
+5 6
+5 2 0 0 1 0 0 1
-1 1 0 1
+1 2 1
+1 2 0 1
-1 1 0 1
+5 1 1
-14 4 4 0 1 0 0 1
+4 8 4 0 0 2 0 0 1
+3 1 0 1
+1 5 3 0 1 0 0 1

fl=(152) /build/glibc-SzIz7B/glibc-2.31/elf/dl-fini.c
fn=(526) _dl_fini
30 9 0 6 1 0 0 1
+20 3 1 0 1 0 0 1
-3 6 0 1
+3 4
+3 2 1 1 1 0 0 1
cfi=(2)
cfn=(52)
calls=1 801 
* 3 1 1
+2 1 1 0 0 1
+3 2
+2 6 3
+8 2
-3 1 0 1
+3 15 0 1 2 0 0 2
+5 2
+2 8 4
+2 8
+2 8 0 4
+1 4 0 4 0 0 3
+1 4 0 0 1 0 0 1
+4 4 0 4
-12 12 4 0 0 1
+14 6
+1 4
+6 3 0 1 1 0 0 1
cfi=(56) /build/glibc-SzIz7B/glibc-2.31/elf/dl-sort-maps.c
cfn=(178) _dl_sort_maps
calls=1 -66 
* 257 61 31 12 3 0 1
+10 2 1 1
cfi=(2)
cfn=(54)
calls=1 807 
* 3 1 1
+5 6 0 1
+2 1 1 0 1 0 0 1
+2 3 1
-2 3 3
+2 9 3
+3 8 0 4
+3 12 4 0 0 4
+4 4 2
+11 2 2 0 0 2
+1 2 2 0 1 1 0 1
-1 2 2
+2 2 2
-2 2
+2 2
-2 2 0 2
+3 10
+1 2 2 2 0 2
cob=(4) /usr/lib/x86_64-linux-gnu/valgrind/vgpreload_core-amd64-linux.so
cfi=(103) ???
cfn=(554) 0x00000000000010e0
calls=1 0 
* 95 27 16 4 2 0 1
cob=(5)
cfi=(111)
cfn=(528)
calls=1 0 
* 95 27 16 7 2 1 7 1 1
-1 10 4 0 0 1
+5 4 0 0 1 0 0 1
+1 6 4 2
cob=(2)
cfi=(18)
cfn=(570)
calls=1 0 
* 4 1 0 1 0 0 1
cob=(2)
cfi=(18)
cfn=(552)
calls=1 0 
* 4 1 0 1 0 0 1
+6 24 8 0 0 1
+19 4 0 4
-59 14 5
+11 6 2 0 1 2 0 1
-26 7 0 0 2 0 0 2
+80 6 2
+6 2 1
+7 8 7 0 1 0 0 1

fl=(22)
fn=(58)
111 148 0 0 1 0 0 1
+33 148
+1 148
+2 148
+1 148
+21 148
+1 148
+1 132
+1 132
+1 128 128 0 0 14 0 0 10
+1 128 128 0 0 2 0 0 2
+1 128 128
+1 128 128
+21 128
+1 128
+1 128
+1 128
+1 128
+1 128 0 0 1 0 0 1
+1 128
+5 8
+1 24
+9 8
+1 8
+1 8
+1 8
+1 8
+1 8
+1 8
+1 8
-7 20
+1 20
+1 20
+1 20
+1 20
+1 20
+1 20
+1 20
+1 15
+1 7
+1 7
+1 7 0 0 1 0 0 1
+2 7
+1 7
+1 7
+1 7 7 0 0 2 0 0 2
+1 7
+1 7
-5 8
+1 8
+1 8
+1 8 8 0 0 3
+1 8
+1 8
+10 13 13
+1 13
+1 13
+2 13 13 0 0 2 0 0 2
+6 13
+1 13
+1 13
+1 13
+1 13 0 0 1 0 0 1
+5 13
+2 10
+1 10
+1 20
+8 10 10
+1 10 10 0 0 1 0 0 1
+3 10
+1 10
+1 10
+1 10
+1 10
+1 10 0 0 1 0 0 1
821 3 0 0 1 0 0 1
+1 3 3
+1 3 3
+1 3
+1 3
+2 3
+1 3
+1 3
+1 3
+1 3
+1 3
+1 3
+1 3 3
+4 3
+1 3
+1 3 0 0 1 0 0 1
+6 3
+1 3
+1 6
+4 3
+1 3
+3 3 3
+1 3 3 0 0 1 0 0 1
+1 3
+3 3
+1 3 0 0 1 0 0 1
+1 3
+6 3
+1 3
+1 3
+1 3
+1 3
+1 3
+72 1 0 0 1 0 0 1
+1 1 1
+1 1 1 0 0 1 0 0 1
+1 1
+1 1
+2 1
+1 1
+1 1
+1 1
+1 1
+1 1
+1 1
+1 1 1
+4 1
+1 1
+1 1 0 0 1 0 0 1
+6 1
+1 1
+1 2
+4 1
+1 1
+3 1 1 0 0 1 0 0 1
+1 1 1
+1 1
+3 1
+1 1 0 0 1 0 0 1
+1 1
+6 1
+1 1
+1 1
+1 1
+1 1
+1 1
+7 1
+1 1
+2 1
+1 1
+2 1 1
+1 1 1
+1 1
+3 1 0 0 1 0 0 1
+1 1
+1 1
+6 1
+1 1
+1 1
+1 1
+1 1
+1 1
1321 2 0 0 1 0 0 1
+1 2 2 0 0 1 0 0 1
+1 2 2
+1 2
+1 2
+2 2
+1 2
+1 2
+1 2
+1 2
+1 2
+1 2
+1 1 1
+4 1
+1 1
+1 1 0 0 1 0 0 1
+6 1
+1 1
+1 2
+4 1
+1 1
+3 1 1
+1 1 1 0 0 1 0 0 1
+1 1
+3 1
+1 1 0 0 1 0 0 1
+1 1
+6 1
+1 1
+1 1
+1 1
+1 1
+1 1
1571 2 0 0 1 0 0 1
+1 2 2 0 0 2 0 0 2
+1 2 2
+1 2
+1 2
+2 2
+1 2
+1 2
+1 2
+1 2
+1 2
+1 2
+1 1 1
+4 1
+1 1
+1 1 0 0 1 0 0 1
+6 1
+1 1
+1 2
+4 1
+1 1
+3 1 1
+1 1 1
+1 1
+3 1
+1 1 0 0 1 0 0 1
+1 1
+6 1
+1 1
+1 1
+1 1
+1 1
+1 1
+72 2 0 0 1 0 0 1
+1 2 2
+1 2 2
+1 2
+1 2
+2 2
+1 2
+1 2
+1 2
+1 2
+1 2
+1 2
+1 2 2
+4 2
+1 2
+1 2 0 0 1 0 0 1
+6 2
+1 2
+1 4
+4 2
+1 2
+3 2 2 0 0 1 0 0 1
+1 2 2
+1 2
+3 2
+1 2 0 0 1 0 0 1
+1 2
+6 2
+1 2
+1 2
+1 2
+1 2
+1 2
+72 1 0 0 1 0 0 1
+1 1 1
+1 1 1
+1 1
+1 1
+2 1
+1 1
+1 1
+1 1
+1 1
+1 1
+1 1
1946 2 0 0 1 0 0 1
+1 2 2
+1 2 2 0 0 1
+1 2
+1 2
+2 2
+1 2
+1 2
+1 2
+1 2
+1 2
+1 2
2071 2 0 0 1 0 0 1
+1 2 2
+1 2 2
+1 2
+1 2
+2 2
+1 2
+1 2
+1 2
+1 2
+1 2
+1 2
2200 18
+2 18
+1 18
+1 18
+1 18
-3 10
+1 10
+1 10
+1 10
+1 14
+5 7
+6 7 7
+1 7 7
+8 7
+1 7 7
-16 141 0 0 1 0 0 1
+6 141 141
+1 141 141
+8 141
+1 141 141

fl=(11) /build/glibc-SzIz7B/glibc-2.31/elf/../sysdeps/unix/sysv/linux/x86_64/brk.c
fn=(20) brk
28 1 0 0 1 0 0 1
+3 5 0 1
+2 2
+6 1
+1 1 1

fl=(16) /build/glibc-SzIz7B/glibc-2.31/elf/dl-environ.c
fn=(36) _dl_next_ld_env_entry
28 3 0 0 1 0 0 1
+1 3 3
+3 45 38
+13 35
-13 70
+2 74 37
+1 18 9
+5 2
-3 2
+3 2 0 2 1 0 0 1
+2 2 2
+7 1 1

fl=(125) /build/glibc-SzIz7B/glibc-2.31/elf/dl-open.c
fn=(402) _dl_find_dso_for_object
201 9 0 4 1 0 0 1
+4 3 1
+1 4 1
+1 12 6 0 1 1 0 1
+1 2 1
-2 6 2
+5 2 1 0 1 0 0 1
+4 7 5

fl=(21) /build/glibc-SzIz7B/glibc-2.31/elf/../sysdeps/x86/dl-prop.h
fn=(134) _dl_process_pt_note
153 40 0 24 1 0 0 1
+4 4 4
+2 16 8
53 4 2 0 1 0 0 1
+6 2 1
160 1
-98 1
+5 2
+89 2
-89 2
+89 4 0 2 0 0 1 0 0 1
-89 4
+70 8
-1 2
-69 6
+3 6 2 0 1 0 0 1
+1 4 2
+1 4 2
+4 6 2 0 1 0 0 1
+4 6 0 2
+3 6 2
+1 4
+4 2
+1 4
+11 2 0 0 1 0 0 1
+1 8
+5 4
-13 4 2 0 1 0 0 1
+1 2 2
+3 6
+66 4
+16 4 0 0 1 0 0 1
+3 4
+1 32 28 0 1 0 0 1
-19 30 0 2 1 0 0 1
+6 6
-6 2
+6 4 0 2 0 0 1 0 0 1
cfi=(53) /build/glibc-SzIz7B/glibc-2.31/io/../sysdeps/unix/sysv/linux/pread64_nocancel.c
cfn=(170) __pread64_nocancel
calls=2 29 
* 14 2
* 4
53 4 2
+6 2 1
+3 1
+5 2
+75 10 2 0 1 0 0 1
+1 2 0 2
+1 4
+1 4 0 2
-32 4 0 0 1 0 0 1
+3 4 2 2
+4 2

fl=(35) /build/glibc-SzIz7B/glibc-2.31/string/../sysdeps/x86_64/strcspn.S
fn=(104) strcspn
28 1 0 0 1 0 0 1
+2 1
+7 1
+1 1
+2 1
+1 1
+1 1
+1 1
+1 33 0 32 0 0 4 0 0 4
+3 3
+7 1 1 0 1 1 0 1 1
+1 1
+1 1
+1 1 0 1
+2 1 1
+1 1
+1 1
+1 1 0 1
+2 1 1
+1 1
+1 1
+9 3
+12 1 0 0 1 0 0 1
+2 1 1
+1 1 1
+1 1
-4 16
+2 16 16
+1 16 16
+1 16
+2 16 16
+1 16 16
+1 16
+2 16 16
+1 16 16
+1 16
+2 16 16 0 0 1 0 0 1
+1 16 16
+1 16
+6 1
+7 1
+4 1 1

fl=(30) /build/glibc-SzIz7B/glibc-2.31/string/../sysdeps/x86_64/multiarch/memset-vec-unaligned-erms.S
fn=(80) memset
108 13 0 0 2 0 0 1
+1 65
+6 13
+1 13
+1 6
+1 6
+2 4 0 4 0 0 2 0 0 2
+1 4 0 4
+2 4 4
+65 2
+1 2
+10 2 0 0 1 0 0 1
+1 2 0 2 0 0 2 0 0 2
+1 2
+1 2 0 2 0 0 2 0 0 2
+1 2 0 2
+1 2 0 2
+1 2 0 2 0 0 1 0 0 1
+1 2 0 2
+1 2 0 2
+1 2 0 2 1
+1 2
+1 2
+1 2
+1 2
+2 34 0 34 0 0 31 0 0 31
+1 34 0 34
+1 34 0 34
+1 34 0 34
+1 34
+1 34
+1 34
+1 2 2
+15 7 0 0 1 0 0 1
+1 7
+1 7
+1 6
+1 6
+1 2
+1 2
+24 1 0 1 1 0 1 1 0 1
+1 1 0 1
+2 1 1
+3 4 0 4 1
+1 4 0 4
+2 4 4
+3 2 0 2
+1 2 0 2
+2 2 2

fl=(26)
fn=(70)
78 5 0 0 1 0 0 1
+1 1 1

fl=(8)
fn=(14) __GI___tunables_init
287 9 0 6 1 0 1 1 0 1
-9 5 1
67 116 38 0 1 0 0 1
+6 37 37 0 0 18 0 0 18
-3 37
+3 3015 399 0 1 4 0 1 4
+4 74
+5 74
fi=(9) /build/glibc-SzIz7B/glibc-2.31/elf/dl-tunables.h
+37 37
fe=(8)
-37 148 0 37
fi=(9)
+38 22
-1 77 22 0 0 1 0 0 1
+1 22
-1 37 37 0 1 0 0 1
+1 74
fe=(8)
328 148 37
-12 4810 1924 0 1 0 0 1
fi=(9)
119 1998 333 0 0 8 0 0 8
+1 688
-1 399 355
+1 688
fe=(8)
310 3848 0 0 1 0 0 1
70 37
-3 74
362 8 7

fn=(26)
368 20 0 0 2 0 0 1
+3 120 20 0 0 11
+9 20 20 0 2 4 0 1
-9 74
+9 3 0 3
+17 100 20 0 0 1
+2 20 20 0 1
-9 17 0 17 1 0 0 1
+1 17

fl=(19)
fn=(94)
109 3 0 0 2 0 0 1
+2 12 6

fn=(46)
49 110 0 44 1 0 1 1 0 1
+1 88 44 0 1 0 0 1
+11 44
+3 22
-3 22 0 22
+3 128
+18 22 0 22
+1 22 0 22
+2 88 66
-16 4 1 0 1 0 0 1
+1 2
+2 1
+1 7 0 1
cfi=(43)
cfn=(136)
calls=1 -25 
* 20 3 2
* 1
+2 2
+2 2 1
+2 4 0 1
-23 1 1 0 1 0 0 1
-1 1
+1 1
+1 2 0 0 1 0 0 1
-2 2 0 1

fn=(84) strsep
262 2 0 0 1 0 0 1
+3 4 2 0 0 1 0 0 1
+2 2 2
+1 4
+4 33 1
+7 84 28
-2 56 28 0 1 0 0 1
+13 1 0 1
+4 4 2
-22 14 14
+15 14
-15 30

fn=(42)
92 16 0 0 1 0 0 1
+4 8
+4 8
-1 16
+1 16
+3 8
cob=(2)
cfi=(18)
cfn=(44)
calls=8 0 
* 262 54 45 6 0 0 6

fl=(40) /build/glibc-SzIz7B/glibc-2.31/io/../sysdeps/unix/sysv/linux/read_nocancel.c
fn=(126) __read_nocancel
25 2 0 0 1 0 0 1
+1 8
+1 2 2

fl=(20)
fn=(78)
114 26
+1 26
+1 26
+1 26
+17 26
+1 26
+1 4
+1 4
+5 3 3
+1 3 3
+1 3 0 3 0 0 1 0 0 1
+1 3 0 3 0 0 1 0 0 1
+5 3 3
280 22
+1 22
+1 8
+1 8
+1 3
+1 3
+1 1
+4 1 1
+22 14 14
+1 14 14
+1 14 0 14 0 0 1 0 0 1
+1 14 0 14
+1 14 14
+3 5 5
+1 5 5
+1 5 0 5
+1 5 0 5
+1 5 5
+3 2 2 0 0 1 0 0 1
+1 2 2
+1 2 0 2 0 0 1 0 0 1
+1 2 0 2
+1 2 2
+10 1
+1 1
+1 1
+1 1
+2 1 1
+1 1 1
+1 1 1
+1 1 1
+1 1 1
+1 1 1
+1 1 1
+1 1 1
+1 1 0 1
+1 1 0 1
+1 1 0 1
+1 1 0 1 0 0 1 0 0 1
+1 1 0 1
+1 1 0 1
+1 1 0 1
+1 1 0 1
+2 1 1

fn=(48)
127 14 0 0 1 0 0 1
+1 14
+6 14
+1 14
+1 8
+1 8
+5 5 5
+1 5 5
+1 5 0 5 0 0 1 0 0 1
+1 5 0 5
+5 5 5
280 6
+1 6
+1 1
+1 1
+1 1 0 0 1 0 0 1
+1 1
+1 1
+1 1 1 0 0 1 0 0 1
+1 1 0 1 0 0 1 0 0 1
+2 1 1
+22 5 5
+1 5 5
+1 5 0 5 0 0 1 0 0 1
+1 5 0 5
+1 5 5
+24 3 0 0 1 0 0 1
+1 3
+1 3
+1 3
+2 3 3
+1 3 3
+1 3 3
+1 3 3
+1 3 3
+1 3 3
+1 3 3
+1 3 3
+1 3 0 3 0 0 1 0 0 1
+1 3 0 3 0 0 1 0 0 1
+1 3 0 3
+1 3 0 3 0 0 1 0 0 1
+1 3 0 3 0 0 1 0 0 1
+1 3 0 3 1 0 0 1
+1 3 0 3
+1 3 0 3
+2 3 3

fl=(56)
fn=(178)
28 26 0 20 2 0 0 1
+2 4
+4 38 0 2 4 0 0 2
+1 6 0 2
-1 2 0 2
+1 4 0 2
cfi=(30)
cfn=(80)
calls=2 +73 
* 32 2 4 2
* 16 4 4 2 0 0 1
-2 8 0 2
+6 8 4
+3 2 2
-3 4 0 4
+1 6 4 0 2 0 0 1
+2 2
-3 16 8
+3 4 4
-3 8 0 8
+1 12 8
+2 4
+12 24 18
+2 12 8 0 0 1
+1 8
-1 6 4
+1 4
+33 12
-36 24 0 0 1 0 0 1
+61 30 10
+7 16 14
-63 18 6 0 2 2 0 1
+1 12
+58 24 4 4 4 0 0 2
cfi=(30)
cfn=(80)
calls=4 -10 
* 68 4 8
* 12
-28 9 3 0 1 0 0 1
-44 12 6 0 1

fl=(124) /build/glibc-SzIz7B/glibc-2.31/elf/../elf/dl-runtime.c
fn=(398) _dl_fixup
66 6 0 2 1 0 0 1
+6 4
-6 2
+3 4 4 0 0 2
+3 6 4 0 0 4
-4 2 2
+5 2 2 0 0 1
+2 2 2
-2 10 2 0 1 1 0 1
+2 2 2
-2 2 0 2
+2 2
+5 4
+4 4 2 0 0 1
+4 6 2 0 0 2
+4 4 4 0 0 2
+1 8 2 0 1 1 0 1
-7 8 2 0 0 1
+16 2 2 0 0 1
-1 2
+1 4
+10 20 4 6 1 2 0 1
cfi=(6)
cfn=(206)
calls=2 841 
* 1377 357 142 0 35 17 0 4 3
* 2
+4 10 6
+10 18 6 0 1 0 0 1
+7 2 2
+8 8 2
+4 6 2 0 0 1
fi=(5)
+97 2 0 2
fe=(124)
-93 6 4

fl=(2)
fn=(102) handle_preload_list
858 10 0 7 1 0 1 1 0 1
+5 5 1
-4 1 0 0 1 0 0 1
+10 2
-3 3 0 1 0 0 1 0 0 1
cfi=(35)
cfn=(104)
calls=1 28 
* 273 134 34 3 2 4 3 2 4
* 1
+1 3
+9 1 0 0 1 0 0 1
168 1 1
878 2 1
168 2
880 2 1
780 2
-10 1 0 1
+8 1 1
+2 2 0 0 1 0 0 1
-6 1 0 1
+6 1
-5 1 0 1
+1 1 0 1
+4 1 0 1
cob=(2)
cfi=(18)
cfn=(106)
calls=1 0 
* 2855 648 318 111 26 33 111 26 33
+1 3 1
+8 4 1
+74 2 1
+21 9 7
-15 4 0 1 1 0 0 1
cfi=(20)
cfn=(48)
calls=1 127 
* 27 9 8 2 0 1 2 0 1
+1 2 0 1

fn=(182) version_check_doit
639 3 0 1 1 0 0 1
+2 4 2 1 1
cfi=(57)
cfn=(184)
calls=1 362 
* 2524 725 259 23 31 17 23 30 17
* 2
+4 2 2

fn=(188) init_tls
699 1 0 1 1 0 0 1
+2 1 1
+4 1 1
-4 1 0 1 1 0 0 1
+4 1
+11 1
-1 3 0 1
cob=(2)
cfi=(18)
cfn=(40)
calls=1 0 
* 38 7 5
-4 1
+15 1 1 0 0 1 0 0 1
-12 1 0 1
+6 1
-9 1 0 1
+11 1 0 1 1 0 0 1
+4 1
+2 3 1
-1 2
+3 12 4
+4 1
+2 1
-2 1 0 1
-5 3 1 0 1 0 0 1
-1 2
+10 2
+3 1 0 1
cfi=(34) /build/glibc-SzIz7B/glibc-2.31/elf/../elf/dl-tls.c
cfn=(190) _dl_determine_tlsoffset
calls=1 135 
* 70 14 8 6 1 0 6 1
+7 1 0 1
cfi=(34)
cfn=(192) _dl_allocate_tls_storage
calls=1 332 
* 394 20 307 4 0 38 4 0 38
* 1
+1 2
+6 1 1
+3 1
-3 1 0 1
+3 6 0 2
+6 1
-3 1 0 1
+3 2 2
-35 3 3 0 1 0 0 1
-1 7

fn=(2) _dl_start
463 10 0 6 2 0 1 2 0 1
66 3
fi=(5)
-7 1
fe=(2)
+7 1 0 1 0 0 1 0 0 1
fi=(3) /build/glibc-SzIz7B/glibc-2.31/elf/get-dynamic-info.h
-18 1 1 0 0 1 0 0 1
fi=(5)
+11 2 1 0 0 1 0 0 1
fe=(2)
507 1 0 1 0 0 1 0 0 1
-3 1 0 1
fi=(3)
48 2 0 0 1 0 0 1
+15 1
+5 1
+3 1
+1 1
+1 1
-4 1
-2 1
-3 2
-1 20
+1 12 0 4 0 0 2 0 0 2
-16 4 4 0 0 1 0 0 1
+26 4
-26 8
+2 36 0 0 1 0 0 1
+23 13 0 13 0 0 4 0 0 4
-25 13 13 0 0 4 0 0 4
+26 13
-26 27 1
+26 1
-26 2
+33 2
+20 4 1 1 1 0 0 1
+1 4 1 1
+1 4 1 1
+1 4 1 1
+2 4 1 1 1 0 0 1
+5 4 1 1
+1 4 1 1
+1 4 1 1
+5 3 1 0 1 0 0 1
+5 2 1
+7 3 1
+1 3 2
+8 3 1
+3 3 1 0 1 1 0 1 1
+4 2 1
+1 2 1 0 1 0 0 1
fe=(2)
518 2
+7 1 0 1 0 0 1 0 0 1
66 1
430 1
66 3 0 1
430 1 0 1 0 0 1 0 0 1
cfi=(6)
cfn=(10) _dl_setup_hash
calls=1 961 
* 24 7 6 3 1 1 3 1 1
+1 1 0 0 1 0 0 1
+18 2
-18 1 0 1
+1 2 0 1
+1 2 0 1 0 0 1 0 0 1
+1 2 0 1
+9 1 0 1
+6 1 0 1
cfi=(7) /build/glibc-SzIz7B/glibc-2.31/elf/../elf/dl-sysdep.c
cfn=(12) _dl_sysdep_start
calls=1 89 
* 115717 28248 11293 721 1225 512 715 1090 493
* 1 0 0 1
+2 2 1
+99 9 7 0 0 2
fi=(3)
65 5 0 0 1 0 0 1
+3 4 0 0 1 0 0 1
fe=(2)
523 25 9 0 2 0 0 2
fi=(4)
84 1 1
-1 1 1
+28 3
+1 2 1 0 0 1 0 0 1
fi=(5)
541 2 1
fi=(4)
112 82 41 0 0 5 0 0 5
fi=(5)
541 82 41 0 0 5 0 0 5
+1 42 42 0 0 5 0 0 5
fi=(4)
111 42
fi=(5)
542 84 0 42 1 0 25 1 0 25
fi=(4)
111 84
+5 2 1
fi=(5)
421 1
fi=(4)
124 2
fi=(5)
333 18
fi=(4)
124 27
+12 9 9 0 1 2 0 1 2
+3 9 9
-3 9
fi=(5)
301 9
fi=(4)
139 9
-3 9
+1 18
fi=(5)
301 18
+8 90 36 0 1 8 0 1 8
+3 18
+21 45
fi=(3)
71 4 0 0 1 0 0 1
+1 3
+1 2 0 1 0 0 1 0 0 1
fi=(5)
353 18 9 9 1 2 2 1 2 2
+1 9
fe=(2)

fn=(52)
801 5 0 0 1 0 0 1
+1 5 0 5 0 0 2 0 0 1
+1 5 5

fn=(34) dl_main
1090 2 0 1 1 0 0 1
+12 1
-12 10 0 5 1 0 0 1
+12 1 0 1 0 0 1 0 0 1
+4 2
-16 1 0 1 0 0 1 0 0 1
+22 1
-22 1 0 1
+16 1
+6 1 0 1 1 0 1 1 0 1
-6 1
2533 1 1
+7 1 1
1106 1
2535 1 0 1 0 0 1 0 0 1
-2 1 0 1 0 0 1 0 0 1
+7 3
1106 1 0 1 0 0 1 0 0 1
2540 1
-4 1 0 0 1 0 0 1
+4 1 0 1
+2 4 1 2 0 0 1 0 0 1
cfi=(16)
cfn=(36)
calls=1 28 
* 47 17 1 2 0 0 2
* 4 2 2
cfi=(16)
cfn=(36)
calls=2 28 
* 210 73 1
* 9
+4 6 2
-2 2
+2 42
+1 19 0 0 1 0 0 1
-1 57 19
+9 12 2 0 0 1 0 0 1
2704 3 1
+32 3 1 0 1 0 0 1
1122 3 1
2631 3 1 0 1 0 0 1
+1 3 1 0 1 0 0 1
-56 2 1 0 1 0 0 1
+7 2 1
1330 7 0 1 1 0 0 1
cfi=(17)
cfn=(38)
calls=1 59 
* 231 27 53 21 2 13 21 2 13
* 1
+2 2
+1 1 0 1 1 0 1 1 0 1
+1 1 1
+5 2
-5 1 0 1
+1 2 1 1
+4 1 0 1
cfi=(17)
cfn=(50)
calls=1 31 
* 35 9 10 4 0 1 4 0 1
+1 2 1
1099 1 0 1
1369 1 1
-5 1 1 0 1 1 0 1 1
-2 1 0 1
+4 1 0 1
+3 1
-5 1 0 1
+5 5 0 1 1 0 0 1
+56 1 1
1096 1
1425 1
-15 2 0 1
-22 1
+22 1
+15 3 0 1
-55 102 22 0 1 7 0 1 7
fi=(21)
142 4
+1 1 0 1
+1 2
+1 1 0 1
fe=(2)
1369 24 8
1478 7 4 0 1 1 0 1 1
+3 2
+2 2 0 0 1 0 0 1
+2 3 1
+13 3 1
+3 2 2
-2 1 1
+2 1 1
-2 2 0 1
cfi=(22)
cfn=(58)
calls=1 111 
* 25 7 0 3 1 0 3 1
* 2
+7 1 0 1 1 0 1 1 0 1
+3 1 1
-5 1 0 1
+3 1 0 1
+2 1
+1 2 0 1
+4 2 1
+2 2 1 0 1 0 0 1
fi=(3)
33 1 1
+9 2
+6 1 1 0 0 1 0 0 1
-2 1
+2 2
+15 1
+5 1
+4 1
-1 1
-2 1 0 0 1 0 0 1
-5 2
-1 24
+1 15 0 5 0 0 2 0 0 2
-16 5 5 0 0 2 0 0 2
+26 5
-26 10
+2 52
+23 21 0 21 0 0 4 0 0 4
-25 21 21 0 0 5 0 0 5
+26 21 0 0 1 0 0 1
-26 42
+33 3 1
+20 3 1
+1 4 1 1
+1 4 1 1
+1 4 1 1 1 0 0 1
+2 4 1 1
+5 4 1 1
+1 4 1 1
+1 4 1 1 1 0 0 1
+5 3 1
+5 2 1
+7 2 1
+1 3 2
+18 3 1
+5 2 1 1 1 0 0 1
+2 2
+2 2
+2 2
+3 3 1
+2 3 1 1 1 0 0 1
+1 2
+9 2 1
+5 2
+3 2 1
fe=(2)
1521 2 0 1 1 0 0 1
cfi=(6)
cfn=(10)
calls=1 961 
* 24 7 6 0 1 0 0 1
+3 2 1
fi=(23) /build/glibc-SzIz7B/glibc-2.31/elf/./setup-vdso.h
24 2 1
fi=(21)
+35 6 3 0 1 0 0 1
190 2 1 1
67 2
189 1 1
67 1 0 0 1 0 0 1
189 1 1
64 1
+3 1
-2 1
+2 2 0 1
+70 5 1
-1 1
-69 4 2
+3 4 1 1 1 1 0 1 1
+1 2 1 0 0 1 0 0 1
+1 2 1
+4 3 1 0 1 0 0 1
+4 3 0 1
+3 3 1
+1 2
+4 1
+1 3 0 1
+11 1
+1 4 1 0 1 0 0 1
+5 2
-12 2 1
-1 1 1
+1 2 0 1
+3 2
fe=(2)
1398 1 1 0 1 0 0 1
-9 1 1
+27 1
-27 1 1 0 0 1 0 0 1
+2 1 0 1
-3 1 0 1 0 0 1 0 0 1
+10 2 0 0 1 0 0 1
-19 2 2
-10 1
+10 1 0 1
-10 2 1
+56 8 8 0 1 1 0 1 1
-1 4 4
+1 4
-1 4
+2 8 4 0 1 0 0 1
+1 1 0 1
+3 2 1
+1 2 1
-1 6 3 0 0 3 0 0 3
+1 6 3
+1 4 0 4
+1 10 5
+1 1 0 1
-65 3 1
+5 2 1 0 1 0 0 1
-5 1
+5 1 0 1
-5 2 1
+1 14 0 0 1 0 0 1
+95 2 2
-96 1
+96 2 0 1 0 0 1 0 0 1
-96 3 1 0 1 0 0 1
fi=(24) /build/glibc-SzIz7B/glibc-2.31/elf/../sysdeps/unix/sysv/linux/dl-vdso.h
40 1 1 0 1 0 0 1
+1 2 0 0 1 0 0 1
fi=(25) /build/glibc-SzIz7B/glibc-2.31/elf/../sysdeps/unix/sysv/linux/dl-vdso-setup.h
+4 1 0 1 1 0 0 1
fe=(2)
1549 2 0 1
cfi=(10)
cfn=(68)
calls=1 46 
* 88 13 4 6 1 1 6 1 1
* 8 1 1
fi=(3)
65 5
fe=(2)
1461 1 1 0 1 0 0 1
-92 1
+92 1 0 1
-92 2 1 0 1 0 0 1
fi=(3)
68 4
+3 4
+1 4
fe=(2)
1554 2 1 1 1 0 0 1
cfi=(27) /build/glibc-SzIz7B/glibc-2.31/elf/dl-load.c
cfn=(72) _dl_init_paths
calls=1 681 
* 1823 330 243 64 5 17 64 5 17
+3 3 1 1
cfi=(33)
cfn=(96)
calls=1 46 
* 18 4 4 3 1 0 3 1
+7 1 1 0 1 0 0 1
-7 1 0 1
+2 1 0 1
+5 1
+4 1 1
+3 1 0 1
-3 3 0 1
+1 2 1 1
+3 1 0 1 1 0 0 1
+5 1 1
-7 1 0 1
+7 1
+18 2 1 0 0 1 0 0 1
+1 2 1
+5 1 1
-3 2 1 0 1 0 0 1
+2 1 0 1
+1 2 0 1
+5 3
+1 5 1 0 0 1 0 0 1
-1 2 0 0 1 0 0 1
+15 3 1
+1 1 1
-2 1 0 1
+2 3 0 1 1 0 0 1
+18 1 0 1
cfi=(34)
cfn=(98) _dl_count_modids
calls=1 108 
* 6 3 0 1 0 0 1
* 1 0 1
+8 3 1
+3 2 1 1
+4 3 1
+5 2 1 1 1 0 0 1
+1 1 0 1
cfi=(33)
cfn=(100)
calls=1 73 
* 2 1
+1 1
+4 3 1
+16 3 2
+2 1
+2 2 1 0 1 0 0 1
+8 2 1
+15 3 0 1
cfi=(47) /build/glibc-SzIz7B/glibc-2.31/io/../sysdeps/unix/sysv/linux/access.c
cfn=(146) access
calls=1 25 
* 9 1 1 1 0 0 1
* 2
+76 4 2
66 1
1805 1
66 2 0 0 1 0 0 1
1805 1
66 1
1805 6 1 1
cfi=(48) /build/glibc-SzIz7B/glibc-2.31/elf/dl-deps.c
cfn=(148) _dl_map_object_deps
calls=1 159 
* 7623 1518 954 140 43 81 137 43 81
73 1
1810 1 1
73 2
+9 2 0 1
1810 2 0 0 1 0 0 1
+1 5 2 1
-1 4
+1 6 3 3
-1 12
+4 3 2 1
+1 3 1 0 1 0 0 1
+1 1 0 1
+2 3
+1 4 1
-1 6
+1 12 6 0 1 0 0 1
+12 1
+1 1 1
-1 2 1 1
+1 2
+2 1
+2 3
+2 1 1
-4 1 0 1
+5 1 1 0 1 0 0 1
-1 2
+14 2
+1 2 1 1
+1 3 1
1609 2 2 0 1 1 0 1 1
+6 1 1 0 0 1 0 0 1
-6 2 0 1 0 0 1 0 0 1
+6 1
-37 6 1 1
fi=(3)
181 3 1 1
-20 2 0 1 1 0 0 1
fe=(2)
1567 4 2 1 1 0 0 1
1865 1 1 0 1 0 0 1
+1 1 0 1
-1 1
+2 4 0 0 1 0 0 1
-2 3 0 1
+2 1 0 1
cfi=(36)
cfn=(180) _dl_receive_error
calls=1 238 
* 2552 734 268 26 31 17 25 30 17
+10 1 1
+1 1 1
-1 1 0 1
+1 1
+3 2 1
817 1 1
fi=(157) /build/glibc-SzIz7B/glibc-2.31/elf/../sysdeps/unix/sysv/linux/dl-osinfo.h
64 2 1 0 1 0 0 1
fe=(2)
819 1 0 1
fi=(157)
77 1 1
fe=(2)
828 1 0 1
+7 1 0 1
-5 1 0 1
1886 3 1
2116 3 1 0 1 0 0 1
+60 1 1 0 1 0 0 1
+6 1 1
-10 1 0 1
+10 1 0 1
-6 1 0 1 1 0 0 1
+9 2
+8 1 1
fi=(21)
33 3 1 1
cfi=(58) /build/glibc-SzIz7B/glibc-2.31/elf/../sysdeps/x86/dl-cet.c
cfn=(194) _dl_cet_check
calls=1 343 
* 31 9 6 4 0 0 4
fe=(2)
2239 3 1
+3 1 0 1
66 2
2246 1 1
66 2 0 0 1 0 0 1
2247 16
+2 8 8 0 0 2
+5 8 8 0 1 2 0 1
+2 8
+6 4 0 4
+2 8 4 0 0 1
+1 24 6 3 0 2
cfi=(59)
cfn=(198)
calls=3 148 
* 74056 19207 7936 151 957 267 150 873 253
+4 10 5 0 1 1 0 1
+1 3 0 1
cfi=(34)
cfn=(300) _dl_add_to_slotinfo
calls=1 887 
* 28 9 6 2 2 1 2
* 1
+13 4 2 0 2 1 0 2
+2 1 0 1
+7 3 1 1
cfi=(34)
cfn=(302) _dl_allocate_tls_init
calls=1 437 
* 132 31 27 6 3 3 6 0 3
+3 2 1
-37 1 0 1 1 0 0 1
+1 1 1
-3 2
73 3
+1 1
2278 1 1
74 1 0 1
2278 1
1829 5 1 1 1 0 0 1
2304 3 2 0 0 1
+2 2 1 0 1 0 0 1
+24 1 0 1
cfi=(7)
cfn=(304) _dl_sysdep_start_cleanup
calls=1 258 
* 2 1 0 1 0 0 1
+4 3 1
+21 3 0 1
cfi=(33)
cfn=(96)
calls=1 46 
* 9 3 0 0 1
+1 1 0 1
-1 1
+2 1 0 1
cfi=(33)
cfn=(100)
calls=1 73 
* 2 1
+1 1
+4 1 0 1
cfi=(50) /build/glibc-SzIz7B/glibc-2.31/elf/dl-cache.c
cfn=(306) _dl_unload_cache
calls=1 348 
* 17 4 2 2 1 0 2
+5 8 7 0 1 2 0 1
2583 4 2 0 1 0 0 1
+2 2 0 1 1 0 1 1 0 1
+1 1
+46 2 1 0 1 0 0 1
+2 2 0 1 0 0 1 0 0 1
+1 1
fi=(25)
30 5 0 3 2 0 0 2
+3 1 0 1
+3 1 0 1
+3 1 0 1
fi=(24)
+16 2 0 0 1 0 0 1
fe=(2)
+11 1 0 0 1 0 0 1
2319 1 0 1
+1 3 1 0 1 0 0 1
66 3
2320 2 0 1
cfi=(59)
cfn=(198)
calls=1 148 
* 6209 1691 730 4 53 4 4 25
73 3
+9 3 0 1
fi=(21)
+31 2 1 0 1 0 0 1
+3 1 1
+4 1
fe=(2)
1879 1 0 1 1 0 0 1
cfn=(188)
calls=1 699 
* 573 56 333 15 2 38 15 2 38
* 2 0 1
66 1 0 0 1 0 0 1
1690 1 1
66 2
1690 1
66 1 0 0 1 0 0 1
1690 2 0 1
cfn=(102)
calls=1 858 
* 3223 806 375 121 28 40 121 28 40
* 1
73 3
+9 3 0 1
1789 17 0 1 3 0 0 3
+1 1
-1 1
+4 3 0 1
+1 1 1
+1 2
+1 2
-7 2

fn=(54)
807 5
+1 5 0 5 0 0 1
+1 5 5

fn=(116) map_doit
606 2 0 1 1 0 0 1
+2 1 1
-2 1
+2 1
+1 2 2
-1 2
+1 3 0 1 0 0 1 0 0 1
cfi=(27)
cfn=(118) _dl_map_object
calls=1 1927 
* 2754 622 286 102 26 31 102 26 31
* 1 0 1
+2 2 2

fl=(12) /build/glibc-SzIz7B/glibc-2.31/elf/../sysdeps/x86/cpu-features.c
fn=(24) get_common_indices.constprop.0
71 2 0 1 1 0 0 1
+4 4
+3 3 0 1
+4 2 0 0 1 0 0 1
-4 1 0 1
+4 1
-4 1 0 1
+3 1 0 1
+1 1 0 1
+1 4 0 1
+1 4 0 1
+1 3 0 1
+1 2 1 0 1 0 0 1
+7 2 1
+1 3
+6 1 1
-6 4 0 4
+6 1
+1 7 0 4 1 0 0 1
+7 3 1
+4 2
+2 4 0 0 1 0 0 1
225 2 1
+4 3
+1 2
+3 1
-1 1
+4 1
+2 1 0 1 0 0 1 0 0 1
-2 1 0 1
+5 2 1 0 1 0 0 1
+50 3 2 0 1 0 0 1
118 2 0 0 1 0 0 1
+3 4 1 1
+3 2 1
+8 1 0 1
-5 3 0 1
+8 2 0 0 1 0 0 1
+2 2 0 1
+2 3 1
+4 2
+4 2 1 0 1 0 0 1
+7 3

fl=(101)
fn=(308) munmap
78 5
+1 1 1

fn=(298)
78 20 0 0 2 0 0 1
+1 4 4

fl=(47)
fn=(146)
25 1 0 0 1 0 0 1
+2 7 0 1
+4 1 1

fl=(58)
fn=(194)
343 1 0 0 1 0 0 1
+1 1
cfn=(196) dl_cet_check
calls=1 97 
* 29 9 6 3 0 0 3

fn=(196)
97 7 0 6 1 0 0 1
+3 1 1
-1 1
+4 1
-4 1
+3 1
+4 2
+1 2
-1 2 0 0 1 0 0 1
+6 1 1
+5 2
326 8 7 0 1 0 0 1

fl=(34)
fn=(192)
332 2 0 1 1 0 0 1
+13 1 1
-13 2 0 2
+2 1 1 0 1 0 0 1
+12 2 0 1
cob=(2)
cfi=(18)
cfn=(44)
calls=1 0 
* 27 6 5
+1 3
+8 2
-69 1
+69 2
+1 1
+4 297 0 289 1 0 36 1 0 36
+19 1 0 1 0 0 1 0 0 1
-94 2 1
+1 2 0 1 1 0 0 1
cob=(2)
cfi=(18)
cfn=(40)
calls=1 0 
* 38 7 5
+1 2
+3 1 0 1 0 0 1 0 0 1
+6 2 0 1
+89 5 4

fn=(172) _dl_next_tls_modid
48 1 0 0 1 0 0 1
+3 4 2
+48 1 0 1
+4 1 1

fn=(190)
135 4 0 3 1 0 0 1
+6 1 1
-6 2 0 2
+6 2
+3 2 1
+36 3 1 0 1 0 0 1
+2 1 1
-2 1
-2 1
-40 1
-1 1
-1 2
+69 2
+3 1
-3 1
+3 1
-3 4
+2 2
+10 1 0 1
-12 1
-25 6 1 0 0 1 0 0 1
+2 2 0 0 1 0 0 1
+3 1 1
-1 1 1 0 1 0 0 1
+5 2 1
-5 1
+1 1
-1 1
+3 2
+2 3
+12 6 0 0 1 0 0 1
+20 1
+52 2 2
-1 1 0 1 1 0 0 1
-51 1
+52 2 2
-52 1 0 1
+52 2 2

fn=(302)
437 9 0 7 1 0 0 1
+1 2
+4 1 1 0 0 1
+6 1 1
-6 1 0 1
+6 2 1 0 0 1
+12 1 1
-15 1 0 0 1 0 0 1
-1 2
+21 5 1
+9 3 1
+1 2
+6 3 2 0 1 0 0 1
+3 1 1
-2 1
+6 1 1
-6 1
+2 2 1 0 0 1
+4 1
-4 3 1 1
+3 2
+4 2 0 0 1 0 0 1
+1 4 2
+2 2
+1 2 1
+12 1 1
-3 1 0 1
+3 2 0 1
cfi=(20)
cfn=(78)
calls=1 114 
* 13 3 2 0 0 1 0 0 1
* 5 0 1
cfi=(30)
cfn=(80)
calls=1 108 
* 34 1 12 0 0 2 0 0 2
* 1 1
-42 3 1
+6 6 0 0 1 0 0 1
+50 2 1 1
+3 9 8 0 1 0 0 1

fn=(300)
887 8 0 4 1 0 0 1
+6 1 1
+3 1 1 0 0 1
+1 1
+4 3 1 0 1 0 0 1
+41 2
+3 4 1 0 0 1
-1 1 0 1 0 0 1
+1 1 0 1
+2 6 5

fn=(98)
108 1 0 0 1 0 0 1
+5 2 1
+1 1 1
+15 2 1

fl=(7)
fn=(12)
89 9 0 6 1 0 1 1 0 1
+25 1 1
-1 1 0 1
+1 121 38 3 1 5 2 1 5 2
+6 1 1
-3 1
+1 1 0 1
-4 1 0 1 0 0 1 0 0 1
+3 1 0 1 0 0 1 0 0 1
+3 8 0 2 1 0 0 1
-29 1
-1 2 1 0 0 1 0 0 1
+30 20 7 10 2 1 1 2 1 1
+1 108 17 0 0 3 0 0 3
+61 1 1
+1 1 0 1
-1 1 0 1
+1 1
-63 75 20 7 3 3 0 3 3
+34 1 1 0 1 0 0 1
-34 2 1
+35 1
-35 2
+46 1 1 0 1 0 0 1
-46 1
+47 1 0 1
-1 1 0 1
-46 3 1
+40 1 1 0 1 0 0 1
-40 1
+41 1 0 1
-1 1 0 1
-40 3 1 0 0 1 0 0 1
+37 1 1
-37 2 1
+38 1
-38 3
+13 1 1
-13 2 1 0 0 1 0 0 1
+14 1
-14 2
+10 1 1 0 1 0 0 1
-10 2 1
+11 1 0 0 1 0 0 1
-11 2
+7 1 1
-7 4 1
+4 1 1
-4 4 1 0 1 0 0 1
223 1 0 1
cfi=(8)
cfn=(14)
calls=1 +64 
* 16482 3190 43 6 31 1 6 31 1
fi=(10)
36 2 0 1
cfi=(11)
cfn=(20)
calls=1 -8 
* 10 1 1 1 0 0 1
fi=(12)
309 1 0 1
+13 1
-12 1 0 1
+1 1 0 1
+11 2 0 1 1 0 1 1 0 1
+3 6
476 3 1 0 1 0 0 1
+1 1 0 1
+3 2
+1 1 0 1
+6 1 0 1
+6 1
-5 1 0 1
+5 1 0 0 1 0 0 1
-3 1 0 1
+3 1
-4 1 0 1
+4 1 0 1
cfi=(8)
cfn=(26)
calls=1 368 
* 18 4 1 3 0 0 3
+2 4 0 1
cfi=(8)
cfn=(26)
calls=1 368 
* 20 4 1
* 1 1
+2 3
-2 1 0 1
+2 1 0 1
cfi=(8)
cfn=(26)
calls=1 368 
* 20 4 1
* 1 1 0 1 0 0 1
+2 3
-2 1 0 1
+2 1 0 1
cfi=(8)
cfn=(26)
calls=1 368 
* 20 4 1
* 1 1
+12 1 1
-1 1 0 1
-11 1 0 1
+12 1
+47 4 0 1 1 0 0 1
cfi=(8)
cfn=(26)
calls=1 368 
* 18 4 1
+2 4 0 1
cfi=(8)
cfn=(26)
calls=1 368 
* 18 4 1
fi=(13) /build/glibc-SzIz7B/glibc-2.31/elf/../sysdeps/unix/sysv/linux/x86/cpu-features.c
28 6
fe=(7)
234 3 1 0 1 0 0 1
+1 1 0 1
cfi=(14)
cfn=(30)
calls=1 41 
* 17 2 0 2 1 0 2 1
* 1 0 1
+2 2 0 1
cfi=(15) /build/glibc-SzIz7B/glibc-2.31/elf/../misc/sbrk.c
cfn=(32) sbrk
calls=1 32 
* 18 5 2 2 1 0 2 1
* 3
+12 3 1
+3 5 1 1 1 0 0 1
cfi=(2)
cfn=(34)
calls=1 1090 
* 98391 24884 11137 665 1173 503 660 1041 484
+1 1 1 0 1 1
+1 8 7 0 0 2
fi=(12)
515 3 1 0 2 0 0 2
+28 2 0 1
-9 3 0 0 1 0 0 1
+2 4 1
+1 2 1 0 1 0 0 1
+2 4 1
+1 2
331 6 0 1 2 0 0 2
cfn=(24)
calls=1 71 
* 99 12 23 10 0 1 10 0 1
49 4
+1 2
+1 6 0 4
+5 2
+1 6 0 4 1 0 0 1
+5 2
+1 6 0 4 1 0 0 1
336 7 5
+89 4
-96 1
+96 2 0 1
-99 1
+12 10 2 1 2 1 0 2 1
+38 2 1
+14 1
+10 5
+14 2 0 1
+1 1
fe=(7)

fn=(304)
258 1 0 0 1 0 0 1
+1 1 1

fl=(27)
fn=(86) expand_dynamic_string_token
378 14 0 10 1 0 0 1
234 2
378 2 0 2
234 2
378 2
234 2 0 2
cfi=(31) /build/glibc-SzIz7B/glibc-2.31/string/../sysdeps/x86_64/multiarch/../strchr.S
cfn=(88) index
calls=2 23 
* 114 18 0 7 0 0 7
+3 4
403 2
-11 2
+11 12 12 0 1 0 0 1
-11 2
cfi=(32) /build/glibc-SzIz7B/glibc-2.31/string/strdup.c
cfn=(90) strdup
calls=2 40 
* 206 43 28 5 0 1 5 0 1

fn=(82) fillin_rpath
447 7 0 6 1 0 0 1
+2 1
-2 9 0 6 1 0 0 1
+4 3 2 1
cfi=(19)
cfn=(84)
calls=1 262 
* 240 74 1 2 1 0 2 1
* 3 2 1
cfi=(19)
cfn=(84)
calls=1 262 
* 8 3
* 6 0 0 1 0 0 1
+7 2 1
+2 3 1 1
cfn=(86)
calls=1 -82 
* 120 22 18 6 0 0 6
* 1
+4 2
+5 2 0 1
cfi=(14)
cfn=(30)
calls=1 41 
* 17 2
* 1
+1 2
+7 5 1 0 1 0 0 1
+9 17 5
+1 8 4 0 1 0 0 1
+57 2 1 1
cob=(2)
cfi=(18)
cfn=(92)
calls=1 0 
* 7 3 0 1 0 0 1
* 1
-39 2 1 0 1 0 0 1
+4 8 2 3 1 0 0 1
cob=(2)
cfi=(18)
cfn=(44)
calls=1 0 
* 27 6 5
+2 3 1 0 1 0 0 1
+5 1
+1 2
-2 2 0 2 0 0 1 0 0 1
+2 1 0 1
cfi=(20)
cfn=(78)
calls=1 114 
* 13 3 2 0 0 1 0 0 1
+1 1 1
+2 1 1
-3 1 0 1
+1 1 0 1
+2 1
+6 4 1 0 1 0 0 1
+1 10
+1 4 0 1
-1 2 0 0 1 0 0 1
+1 4 0 1
-1 6
+3 1 1
+1 1 1
-1 1 0 1 1 0 0 1
+1 1
+8 1 0 1
-1 1 0 1
+4 3 0 1
-60 4 0 2 1 0 0 1
+23 2 0 1
+43 1 0 1
+3 9 7
-15 2 0 1 1 0 0 1

fn=(128) _dl_map_object_from_fd
866 20 0 14 1 0 1 1 0 1
+10 2 2
-10 2 0 2 0 0 1 0 0 1
+10 2
-10 6 0 6 0 0 1 0 0 1
+10 2 0 2 1 0 0 1
cfi=(33)
cfn=(96)
calls=2 46 
* 18 6 0 1 0 0 1
* 2 0 2
+7 8 2 2
+61 8 2 2 1 0 0 1
+10 4 2
+7 8 4
+33 4
877 2 0 2
997 14 10 2 1 0 0 1
cfi=(17)
cfn=(38)
calls=2 59 
* 861 178 118 4 3 18 4 3 18
* 2
+1 4
+11 4 4
+5 2 2
-5 2 0 2 0 0 1 0 0 1
+1 2 2
+5 2 0 0 1 0 0 1
-5 2 0 2
+1 2 2
+2 2
-2 2 0 2
+2 4
+1 6 2
+20 4 2
-2 2 0 2 1 0 0 1
+2 34 0 4 1 0 0 1
+8 2
-8 2
+8 2
-8 2 0 2
+8 6 0 0 1 0 0 1
+90 2 2
-96 2 0 2
+96 2
-97 2
-5 4 0 2
1132 4 0 2
-89 194 42 0 1 3 0 1 3
fi=(41) /build/glibc-SzIz7B/glibc-2.31/elf/../sysdeps/posix/dl-fileid.h
37 8 2 2 1 0 0 1
cfi=(42)
cfn=(132)
calls=2 -4 
* 22 2 0 2 0 0 2
* 4
fe=(27)
901 4 2 0 1 0 0 1
fi=(41)
40 4 4
+1 2 2
fe=(27)
901 2
fi=(41)
40 2 0 2
fe=(27)
901 23 7
+1 10 5 0 1 0 0 1
fi=(41)
49 12 6 0 0 1 0 0 1
fe=(27)
1417 18 14 0 1 0 0 1
1018 9
-98 4 2 0 1 0 0 1
1066 40 16 0 2 0 0 2
+5 56 16
+8 8
+1 8
+1 8 8
-2 8
+1 16 8
+1 24 0 0 1 0 0 1
-1 8
+1 8
-1 16 0 8 0 0 1 0 0 1
+1 32 8
+3 8
-3 8 0 8
+1 16 8 8 0 0 1 0 0 1
+2 8 0 8 0 0 1 0 0 1
+4 16 0 0 1 0 0 1
+1 36 18 6
+5 12 6
-1 6
+1 6 6
-1 6
-14 6
+15 30 0 6
-52 36
+52 4 2
-1 2
+1 2 2
-1 2
-14 2
+15 10 0 2 1 0 0 1
-52 114
1157 4
1010 4 2 2
1170 4 0 0 1 0 0 1
+10 8 4
fi=(44) /build/glibc-SzIz7B/glibc-2.31/elf/./dl-map-segments.h
56 2 2
fe=(27)
1180 4 4
fi=(44)
56 4 2
fe=(27)
1180 6 0 2 1 0 0 1
fi=(44)
56 4
-6 2 2
+6 2 2
-6 2
+6 2 0 2
cfi=(43)
cfn=(136)
calls=2 -8 
* 40 6 4 2 0 0 2
* 2 0 2
+4 4
+3 4 2 0 1 0 0 1
+1 2
+2 2 2
-3 2 0 2
+1 2 0 2
+2 2
+14 2 0 2 1 0 0 1
+2 2 2
fi=(45) /build/glibc-SzIz7B/glibc-2.31/elf/./dl-load.h
+8 16
+1 6 4 2
+2 16 8 0 1 0 0 1
fi=(44)
+11 32 16
+6 2 2
+2 2 2
-2 2
+1 2
+2 4
-1 4
+3 4
+5 4 0 0 1 0 0 1
+3 4
+8 14 0 6
cfi=(30)
cfn=(80)
calls=2 -23 
* 272 2 142 4 0 35 3 0 35
+1 4 4
+5 4
+12 8 0 0 1 0 0 1
-59 40 8
+2 30 18
+2 48 18 6 1 0 0 1
cfi=(43)
cfn=(136)
calls=6 -46 
* 108 18 12
* 12
fe=(27)
1107 3 1
+4 1 0 1 0 0 1 0 0 1
+1 2 1 1 1 0 1 1 0 1
+1 1 1
+3 5 0 1
+1 1 1
+3 1 0 1
-3 1 0 1
+8 4 1 0 1 0 0 1
-65 2 1 1
+1 1
+88 20 8 4 1 0 1 1 0 1
cfi=(21)
cfn=(134)
calls=4 153 
* 309 66 38 11 0 2 11 0 2
* 16 4
1049 4 2 0 1 0 0 1
+5 4 2 2
+1 8 2 2
-37 5 0 0 1 0 0 1
+1 2 1
-1 1
+1 2 0 1 0 0 1 0 0 1
cfi=(53)
cfn=(170)
calls=1 29 
* 7 1
* 2
+24 28 0 0 2 0 0 1
1144 8 4 2
+2 2
-6 4 2 2 1 0 0 1
+1 2
+51 8 4 0 1 0 0 1
+9 6 2 2
fi=(3)
42 2
+6 2 2 0 0 2 0 0 2
-2 2
+2 4 0 0 1 0 0 1
+15 2
+5 2
+3 2
-2 2
-2 2
-3 4
-1 40
+1 24 0 8 0 0 4 0 0 4
-16 8 8 0 0 3 0 0 3
+26 8
-26 53 37 0 0 8 0 0 8
+26 37
-26 74
+2 90 0 0 1 0 0 1
+23 74 0 37 0 0 8 0 0 8
-8 10
+3 8 0 0 1 0 0 1
+3 8
+1 8
+9 4
+20 7 2 1
+1 8 2 2 1 0 0 1
+1 8 2 2
+1 8 2 2
+2 8 2 2
+5 8 2 2
+1 7 2 1 1 1 0 1 1
+1 8 2 2
+5 6 2
+5 4 2
+7 4 2 0 1 0 0 1
+1 6 4
+18 6 2
+5 2 1 1
+2 2
+2 2
+2 2
+3 6 2 0 1 0 0 1
+2 3 1 1 0 0 1 0 0 1
+1 2
+9 2 1 0 1 0 0 1
+5 2
+3 4 2
fe=(27)
1208 4
+2 4
+19 6 2 0 1 0 0 1
+19 4 2 2
+2 10 4
+48 6 2 0 1 1 0 1 1
+1 2 1 1
+3 2 1 1
cfi=(46)
cfn=(144)
calls=1 25 
* 6 1
* 2 1 1
cfi=(46)
cfn=(144)
calls=1 25 
* 6 1 0 1 0 0 1
* 4
+9 4 2
+2 8 4 2 1 0 0 1
+2 4 2
+16 4 0 2
cfi=(6)
cfn=(10)
calls=2 961 
* 48 14 12 0 3 0 0 3
+4 4 2
+1 4 2
+17 4 2 0 1 0 0 1
+4 2 2
+5 2 2
-5 2 0 2
+5 2
+10 4 2 0 1 0 0 1
+9 4 2
+1 4 1
+5 1 0 1
cfi=(34)
cfn=(172)
calls=1 48 
* 7 3 1 1 0 0 1
* 1 0 1
+7 3 1 1
cfi=(17)
cfn=(50)
calls=1 31 
* 48 12 11
* 3 1 1
cfi=(17)
cfn=(50)
calls=1 31 
* 44 11 11
+4 6 2 0 1 0 0 1
fi=(45)
94 5 3 0 1 0 0 1
+2 1 1
-1 2 2
+1 1
-1 1 0 0 1 0 0 1
+1 1
-1 1
+1 1
-1 2
+3 4 0 1
fe=(27)
1354 2 0 1
fi=(44)
141 8 0 1
cfi=(43)
cfn=(136)
calls=1 -93 
* 18 3 2
+3 2
fe=(27)
1018 2 0 1 2 0 0 2
fi=(41)
49 2 1 0 1 0 0 1
fe=(27)

fn=(72)
681 2 0 1 1 0 0 1
+13 2
-13 8 0 6
+13 3 2 1 1 0 0 1
cfi=(28) /build/glibc-SzIz7B/glibc-2.31/elf/dl-hwcaps.c
cfn=(74) _dl_important_hwcaps
calls=1 42 
* 747 107 100 26 2 9 26 2 9
+5 1
-5 1 0 1
+5 1 0 1
cob=(2)
cfi=(18)
cfn=(44)
calls=1 0 
* 27 6 5
-1 1 0 1
+2 2
+7 2
+1 4 1 1 1 0 0 1
-1 3
+4 4 0 1
cob=(2)
cfi=(18)
cfn=(44)
calls=1 0 
* 27 6 5
* 2 0 1
+2 2
+7 1 0 1
+10 1 0 0 1 0 0 1
-2 2
+2 1 0 1 0 0 1 0 0 1
+3 2 0 1
+9 1
-7 1
+7 2 0 1
-3 1 1
-20 1 0 1 1 0 0 1
+12 1 0 1
+3 1 0 1
+8 1 0 1
-3 17 0 4
cfi=(30)
cfn=(80)
calls=4 108 
* 52 4 8 1 0 2 1 0 2
+3 18 6
-14 9 0 3 1 0 0 1
+14 3 0 3
-12 6 0 3 0 0 1 0 0 1
+4 3 3 0 0 1 0 0 1
+4 3 3 0 0 1 0 0 1
-7 3 0 3 0 0 1 0 0 1
+3 3 0 3 0 0 1 0 0 1
+1 3
-2 3 0 3
+5 3
+1 3 3
-4 3 0 0 1 0 0 1
+4 3
+14 1 1
-11 1 0 1
+6 1 0 1
+1 1 0 1
+5 2
+2 4 1 0 1 0 0 1
+2 3 1
+38 5 2
-19 1 1 0 1 0 0 1
-2 1 0 1 1 0 0 1
+2 2
+21 2 0 1 1 0 0 1
cfi=(14)
cfn=(30)
calls=1 41 
* 17 2
* 10
-7 2 0 1 1 0 0 1
+7 9 1 1
cfi=(20)
cfn=(48)
calls=1 127 
* 11 3 2
* 1
+5 4 1 0 1 0 0 1
-1 2
+2 56
-1 57 14
+5 1 0 1
cob=(2)
cfi=(18)
cfn=(44)
calls=1 0 
* 27 6 5
-1 1 0 1 1 0 0 1
+1 1
+1 2
+6 6 0 1
cfn=(82)
calls=1 447 
* 588 146 62 22 1 2 22 1 2
+3 3 2
+6 1 0 1
+4 8 7
-30 2 0 1 1 0 0 1

fn=(118)
1927 30 0 24 1 0 4 1 0 4
+8 6 0 0 1 0 0 1
+1 12 3 0 0 1 0 0 1
+3 42 9
+5 49 7 0 1 0 0 1
+2 21 0 7
cfi=(38)
cfn=(120)
calls=7 282 
* 705 179 31 6 1 2 6 1 2
* 14
+4 12 6
+1 18 6 0 1 0 0 1
+3 2 2
+1 2 2
+1 2
-1 2 2
+1 2 0 2
cfi=(22)
cfn=(58)
calls=2 111 
* 50 14
* 4
2238 27 21
1972 12 2 2 1 0 1 1 0 1
-43 2 0 2
+53 6 2
+36 4 0 0 1 0 0 1
-2 2 0 2 0 0 1 0 0 1
+2 2 0 2
cfi=(31)
cfn=(88)
calls=2 23 
* 48 6
* 4
2169 2
-1 3 0 1
cfn=(86)
calls=1 378 
* 246 51 24 8 0 1 8 0 1
+2 1
-3 1 0 1
+1 1
+2 2
+4 4 0 1 1 0 0 1
cfn=(122) open_verify.constprop.1
calls=1 1466 
* 285 66 14 15 13 1 15 13 1
* 1
+3 2
+12 4 1
+46 1 1
+1 3
-1 1 0 1
+1 9 3 5 1 0 0 1
cfn=(128)
calls=1 866 
* 1851 417 215 69 12 26 69 12 26
-1 1 1
+1 3
-1 1 0 1
+1 9 3 5
cfn=(128)
calls=1 866 
* 2215 399 369 12 13 53 10 13 53
* 6
2022 2 0 1 1 0 0 1
cfi=(14)
cfn=(30)
calls=1 41 
* 17 2
* 2 0 1 1 0 0 1
+2 2 1
+7 4 1
+36 12 1 4 1 0 0 1
cfn=(154) open_path
calls=1 1779 
* 1340 299 191 22 1 6 22 1 6
+6 1
-6 1
+6 4
659 1 1
2074 1 0 0 1 0 0 1
659 2
2161 2 1 0 1 0 0 1
+28 4 1
+2 4
2035 5 2 3 1 0 0 1
+8 4 0 1
-3 3 1 0 1 0 0 1
659 1 1 0 1 0 0 1
2041 1
659 2
2082 1 0 1 1 0 0 1
+14 2
+2 3 1 0 1 0 0 1
+4 2 0 1
cfi=(50)
cfn=(160) _dl_load_cache_lookup
calls=1 187 
* 1153 196 58 26 18 1 26 18 1
* 1
+2 2
+4 2
+8 3 1
+23 6 0 2 1 0 0 1
cfn=(156) open_verify.constprop.0
calls=1 1466 
* 393 82 27 17 5 4 16 5 4
+4 2 1
-4 1
+4 1
+1 2 0 1
-89 4 3 0 2 0 0 2
+1 8 2 1
659 1 1
2057 1
659 2
2066 2 1 0 1 0 0 1
+1 2

fn=(150) _dl_dst_count
231 4 0 2 1 0 0 1
+3 2
-3 4 0 4
+7 2
-7 4 0 4 0 0 1 0 0 1
+3 2 0 2
cfi=(31)
cfn=(88)
calls=2 23 
* 72 9 0 0 3 0 0 3
+3 4
+20 14 12 0 1 0 0 1

fn=(122)
1466 1 0 1 1 0 0 1
+70 1
-70 4 0 2
+70 1
-70 6 0 3
+70 1 0 1 0 0 1 0 0 1
cfi=(39)
cfn=(124)
calls=1 34 
* 19 1 1 2 0 0 2
* 1
+2 2
+11 2
+6 1
-6 1 0 1 1 0 0 1
+1 2 0 2
+5 5 1 1
cfi=(40)
cfn=(126)
calls=1 25 
* 6 1 0 1 0 0 1
+2 2
+2 3 1 1
+2 2
+6 2 0 0 1 0 0 1
+16 9 4 0 0 1 0 0 1
1761 2 0 1
cob=(2)
cfi=(18)
cfn=(92)
calls=1 0 
* 7 3
+4 9 7
1583 7 4 0 2 0 0 2
+74 2 1
+5 2 1
+2 4 1
+6 2 1
+6 1 1
+1 1 1 0 1 0 0 1
-1 3
+1 1
-1 1
+1 2
+1 2 1
+20 4
1543 2
1698 66
+1 28 13 0 1 8 0 1 8
+1 8 2 0 0 1 0 0 1
+4 8 4 0 1 0 0 1
+17 4 0 0 1 0 0 1
+8 12 8 0 0 3 0 0 3
+3 18 6 0 1 0 0 1
+3 2
-4 2
+4 4
+6 4 2 0 1 0 0 1
-36 6 2 0 1 0 0 1

fn=(154)
1779 8 0 6 1 0 0 1
+1 1 1
-1 6 1 5 0 0 2 0 0 2
+1 1 0 1 1 0 0 1
+6 2
+5 17 2 0 1 0 0 1
-7 1 0 1
1443 2 0 1 1 0 0 1
1791 1
-8 1 0 1
+8 2
+3 2 2
+9 6 1 1
+7 3 2 0 1 0 0 1
+1 1
-1 1 0 1 0 0 1 0 0 1
cfi=(20)
cfn=(78)
calls=1 114 
* 13 3 2
-12 1 0 1
+12 1
+55 2 0 1
-22 8 1 1 1 0 0 1
-32 27 9
+3 8 8
-3 8
+3 8
+4 56 24 8 1 0 0 1
cfi=(20)
cfn=(78)
calls=8 114 
* 109 22 14
* 32 16 8
cfi=(20)
cfn=(78)
calls=8 114 
* 104 24 16
+3 16 0 8
+3 24 8
+3 48 24 8 1 0 0 1
cfn=(156)
calls=8 1466 
* 424 72 72 4 0 2 4 0 2
* 8
+2 24 8
+2 16
+62 1 0 0 1 0 0 1
+27 9 7
-24 8 2 0 1 0 0 1
+7 2 1 1
-2 2 1 1
+2 2 1
+3 3 1 0 1 0 0 1
-95 16 0 0 1 0 0 1
+25 16 0 0 1 0 0 1
+1 56 24
+6 16 16 0 1 0 0 1
+2 24 8
-2 16 0 8 1 0 0 1
+2 8 0 8
cfi=(49) /build/glibc-SzIz7B/glibc-2.31/io/../sysdeps/unix/sysv/linux/wordsize-64/xstat.c
cfn=(158) _xstat
calls=8 33 
* 109 8 7 1 0 0 1
* 8
+3 8
-3 16
+1 1 1 0 0 1 0 0 1
+2 1
-2 1
+2 23 1 9 1 0 0 1
-57 2 0 1 1 0 1 1 0 1

fn=(156)
1466 99 0 54 1 0 0 1
+39 27 9
+31 36 0 9 0 0 1 0 0 1
cfi=(39)
cfn=(124)
calls=9 34 
* 195 9 17 1 0 1 1 0 1
* 9
+2 18 0 0 1 0 0 1
+11 2
+6 1
-6 1 0 1
+1 2 0 2 0 0 1 0 0 1
+5 5 1 1
cfi=(40)
cfn=(126)
calls=1 25 
* 6 1
+2 2 0 0 1 0 0 1
+2 3 1 1
+2 2
+6 2
+16 9 4 0 1 0 0 1
-65 8 0 0 1 0 0 1
1765 81 63
1583 7 4 0 1 0 0 1
+74 2 1
+5 2 1
+2 4 1 0 1 0 0 1
+6 2 1
+6 1 1 0 0 1 0 0 1
+1 1 1
-1 3
+1 1
-1 1
+1 2 0 0 1 0 0 1
+21 4
1543 2
1698 48
+1 24 11 0 1 4 0 1 4
+1 8 2
+4 8 4
+6 4
+1 32 0 2 2 0 0 2
+10 14 0 8 0 0 2 0 0 2
cfi=(53)
cfn=(170)
calls=2 29 
* 14 2
* 12 6
+8 18 12 0 1 0 0 1
+15 2
+6 3 1
-3 1 1
+1 1 1
+3 1 1
-3 2 0 0 1 0 0 1
+1 1 1
-1 1
-1 1
+4 2
1583 3 1 0 1 0 0 1
1761 2 0 1
cob=(2)
cfi=(18)
cfn=(92)
calls=1 0 
* 7 3 0 1
* 1
-29 18 6 0 1 0 0 1
+3 2
-4 2
+4 4
+5 1
+1 4 1
-60 15 0 1 2 0 0 2
+1 2
-1 1
+1 3 0 2 1 0 1 1 0 1
cfi=(53)
cfn=(170)
calls=1 29 
* 7 1 0 1 0 0 1
* 8 2

fl=(37) /build/glibc-SzIz7B/glibc-2.31/setjmp/../sysdeps/x86_64/setjmp.S
fn=(114) __sigsetjmp
30 3 0 0 1 0 0 1
+2 3 0 3
+9 3
+1 6 3 0 1 0 0 1
+1 3 0 3
+4 3 0 3
+1 3 0 3
+1 3 0 3 0 0 1 0 0 1
+1 3 0 3
+1 3
+2 6 3
+2 3 0 3
+1 3 3
+1 3
+2 6 3
+2 3 0 3 1 0 0 1
+8 3
+3 3
+1 3 0 3
+7 3
+1 3 3

fl=(102) /build/glibc-SzIz7B/glibc-2.31/elf/dl-init.c
fn=(314) call_init.part.0
28 32 0 20 1 0 0 1
+8 4 4
-8 4
+11 4 4
-3 8 0 4
+3 12 4 0 0 3
+5 9 3 0 0 3
+5 4 2 0 1 0 0 1
+9 12 4 2 0 1
cob=(3)
cfi=(104) /build/glibc-SzIz7B/glibc-2.31/csu/init-first.c
cfn=(326) _init
calls=1 -6 
* 100 27 14 11 8 3 11 0 2
cob=(2)
cfi=(18)
cfn=(316)
calls=1 -58 
* 7 2 0 1 0 0 1
* 2 2 0 0 1
+4 4
+6 2 2
+2 4 4
-2 4 2 0 0 1
+3 10 0 0 1 0 0 1
+1 8 2 2
cob=(3)
cfi=(108) /build/glibc-SzIz7B/glibc-2.31/libio/vtables.c
cfn=(336) check_stdfiles_vtables
calls=1 +11 
* 12 7 0 2 2 0 2
cob=(4)
cfi=(103)
cfn=(320) 0x0000000000001120
calls=1 -72 
* 12 1 0 3 0 0 3
* 4 1 1
cob=(3)
cfi=(109) /build/glibc-SzIz7B/glibc-2.31/string/../sysdeps/x86/cacheinfo.c
cfn=(338) init_cacheinfo
calls=1 488 
* 1688 167 90 31 6 3 31 6 3
-1 9
+3 24 24
-29 3 1
-5 3 0 0 1 0 0 1

fn=(312) _dl_init
79 12 0 6 1 0 0 1
+1 1 1 0 1 1 0 1
+1 1 1
+3 3 1
+8 2
+25 1 1
+1 5
+1 2 2 0 1 0 0 1
-89 2 1
+89 6 6
-89 18 3 3
cfn=(314)
calls=3 -2 
* 1913 241 125 45 22 6 45 6 5
+88 12
+7 8 7
-95 3 1 1 1 0 0 1
cfn=(314)
calls=1 -2 
* 72 22 8 7 3 0 7
+57 2 0 1

fl=(50)
fn=(160)
187 10 0 6 1 0 0 1
+8 2 1
+3 3 1
+72 5 1 1 1 0 0 1
+11 1 1
-2 1
fi=(52) /build/glibc-SzIz7B/glibc-2.31/elf/../sysdeps/x86/dl-procinfo.h
39 2
+3 3 0 1 1 0 0 1
cfi=(22)
cfn=(58)
calls=1 +69 
* 25 7
* 4 0 1
fe=(50)
285 4 0 1 1 0 0 1
cfi=(8)
cfn=(26)
calls=1 +83 
* 20 4 1
* 2 1 1
+8 2 1 1
+15 93 23 9 1 7 0 1 7
cfn=(168) _dl_cache_libcmp
calls=7 141 
* 514 79 0 4 7 0 4 7
* 50 3 2 1 0 0 1
cfn=(168)
calls=1 141 
* 71 11 0 0 1 0 0 1
* 6 1 0 1 0 0 1
-14 1
-1 2 2
+1 2 1
-1 2 0 1 1 0 0 1
+15 22 8 1 3 1 0 3 1
+16 2 1
+4 2
+8 3 0 1
cfi=(14)
cfn=(30)
calls=1 41 
* 35 5 0 0 1 0 0 1
* 13 0 0 1 0 0 1
+1 2 0 0 1 0 0 1
-1 1
+1 1 0 1
cfi=(20)
cfn=(48)
calls=1 127 
* 11 3 2
* 1
+1 1 0 1
cfi=(32)
cfn=(90)
calls=1 40 
* 91 16 11
+1 8 7
-3 2 0 1
201 4 0 1 1 0 1 1 0 1
cfi=(38)
cfn=(162)
calls=1 44 
* 99 12 12 4 0 0 4
* 1
+8 5 1 0 1 0 0 1
+1 8 3 0 0 1 0 0 1
+3 1 1
fi=(51) /build/glibc-SzIz7B/glibc-2.31/elf/../sysdeps/generic/dl-cache.h
-60 5 0 0 1 0 0 1
fe=(50)
320 7 2 0 1 0 0 1
218 1 0 1 1 0 0 1
+1 2 0 1

fn=(168)
141 8 0 0 1 0 0 1
+1 34 16 0 0 8 0 0 8
+2 160
+20 78 0 0 1 0 0 1
+2 78
+5 64 64
-1 32
+1 32
-29 64
+32 3 1
-28 2
+6 1
+2 1 1
-2 1
+1 2 0 0 1 0 0 1
-1 1
+2 3
+2 3 1
-3 1
+3 1
+2 2
+9 14 7 0 1 0 0 1

fn=(306)
348 1 0 0 1 0 0 1
+1 4 1 0 0 1
-1 1
+3 2 1 1
cfi=(101)
cfn=(308)
calls=1 78 
* 6 1
+1 1 0 1 1 0 0 1
+2 2 1

fl=(28)
fn=(74)
42 6 0 3 1 0 0 1
+1 1
-1 5 0 4 0 0 1 0 0 1
+1 1
-1 1 0 1
+1 1
-1 1 0 1
+1 2 0 1
-1 1 0 1
+1 1 0 1 1 0 0 1
cfi=(8)
cfn=(26)
calls=1 368 
* 20 4 1
* 1 1
+2 1 1
+1 2
-1 1 0 1
+1 1
+9 1
-12 1 0 1
+12 4
+1 6 2 2 0 0 1 0 0 1
+1 1
-1 2
-1 12 0 0 1 0 0 1
+10 3 1
193 3 1 0 1 0 0 1
+2 1 0 1
+1 2 1 1
+1 4 0 0 1 0 0 1
+3 1
+1 1 0 1
-1 1 0 1
+4 2
+3 5 1 1
+4 7 1 2 1 0 0 1
+1 2
+2 2
+1 2
+1 2 1 0 1 0 0 1
-1 1
+1 1
-1 2
+9 2 0 0 1 0 0 1
+6 10 1 4 1 0 1 1 0 1
+1 2
-1 1 0 1
+1 2 0 1
cob=(2)
cfi=(18)
cfn=(44)
calls=1 0 
* 27 6 5 0 0 1 0 0 1
+1 4 2
-1 1
+1 1
+31 10 0 3 1 0 1 1 0 1
+3 4 0 2
+7 3 2
+10 9 1 4 1 0 0 1
-4 2 2
-3 1
+3 1 0 1
cfi=(20)
cfn=(78)
calls=1 114 
* 17 3 2 0 1 1 0 1 1
* 2 2
-3 1
+3 1 0 1
cfi=(20)
cfn=(78)
calls=1 114 
* 17 3 2
+3 2 2
-3 6 0 2
+3 4 0 0 1 0 0 1
+1 12
+1 5 2 1
cfi=(20)
cfn=(78)
calls=1 114 
* 15 3 2
* 2 0 1
-2 2
+5 6 2 2 1 0 0 1
cfi=(20)
cfn=(78)
calls=2 114 
* 30 6 4
* 4 0 2
+2 6 2
-7 3 1
+13 1
-1 1
+1 2 0 1 1 0 0 1
-1 2
+1 7
-1 7
+1 14 0 7 0 0 1 0 0 1
-1 18 2
+5 9
+4 4 0 0 1 0 0 1
-4 12
+4 44
+1 24 24
-1 24
+1 24 0 12
-1 24
-1 24
+4 9
+3 1 1
+2 2 1 0 1 0 0 1
-1 1
-1 1
+2 1
-2 1
+2 3
-1 1
+1 2
+2 6
+1 2 2
+3 2 0 1
-6 5 0 0 1 0 0 1
+13 7 3
+1 1
-1 2 0 1
+3 2
-3 3 3
+1 3
-1 6 0 3
+3 6
+3 3 2 1
+3 9 7 0 1 0 0 1
148 7 0 1 1 0 0 1
+1 1
-1 2 0 0 1 0 0 1
+37 3
+5 2 0 1
-5 1
+5 5
-4 10 2 2 1 0 1 1 0 1
fi=(29) /build/glibc-SzIz7B/glibc-2.31/elf/../sysdeps/x86/dl-hwcap.h
57 6 0 2
fe=(28)
188 1 0 1 0 0 1 0 0 1
+1 1 0 1
cfi=(14)
cfn=(30)
calls=1 41 
* 17 2 0 0 1 0 0 1
+1 5 1
-5 1
+4 1 0 1
+1 1
-5 5 1
-37 10 0 0 2 0 0 2
+37 2
316 1 1
+1 2 0 1
-6 6 1 0 1 0 0 1
-94 4
-2 3 0 0 2 0 0 2

fl=(43)
fn=(136)
48 11 0 0 1 0 0 1
+3 22
-3 44 0 22
+6 22
+5 66
+2 33 33
-7 8 0 0 1 0 0 1

fl=(49)
fn=(158)
33 32 0 0 1 0 0 1
+1 16
+1 32
+4 1 1
-4 28 7 7

fl=(32)
fn=(90)
40 15 0 6 1 0 0 1
+1 3 0 3
cfi=(14)
cfn=(30)
calls=3 * 
* 113 20 0 4 0 0 4
* 3
+1 6 0 3
cob=(2)
cfi=(18)
cfn=(44)
calls=3 -42 
* 81 18 15
+2 6
+4 3
-1 9
+1 6 6
-1 3
cfi=(20)
cfn=(48)
calls=3 +80 
* 49 15 12 0 0 1 0 0 1

fl=(46)
fn=(144)
25 3 0 0 1 0 0 1
+1 12
+1 3 3

fl=(53)
fn=(170)
29 12 0 0 1 0 0 1
+1 24
+1 6 6

fl=(31)
fn=(88)
23 6 0 0 1 0 0 1
+1 6
+1 6
+1 6
+1 6 0 0 1 0 0 1
+1 6
+1 6
+1 6
+1 6
+1 6 6 0 0 2 0 0 2
+1 6
+1 6
+1 6
+1 6
+1 6
+1 6
+1 6
+1 6
+1 4
+4 4
+1 4 0 0 1 0 0 1
+1 4 4
+1 4
+2 4 4
+4 2 2 0 0 1 0 0 1
+1 2
+1 2
+1 2
+1 2
+1 2
+1 2 2
+1 2
+1 2
+1 2
+1 2
+1 2 0 0 1 0 0 1
+1 2
+1 2 2
+1 2
+1 2
+1 2
+1 2
+1 2
+1 2
+1 2
+1 2
+1 2
+1 4
+5 1 0 0 1 0 0 1
+1 1
+3 1
+1 1 1
+1 1 1
+1 1 1
+1 1
+1 1 1
+1 1
+1 1
+1 1 1
+1 1
+1 1 1
+1 1 1
+1 1 0 0 1 0 0 1
+1 1 1
+1 1
+1 1
+1 1
+1 1
+2 1
+1 1
+2 1 1
+1 1
+1 1
+1 1
+1 1
+1 1
+1 1
+1 1
+2 1
+1 1 0 0 1 0 0 1
+1 1
+1 1
+1 1
+1 1
+1 1
+1 1
+1 1
+1 1
+3 1
+4 1
+1 1
+1 1 1
+1 1
+2 1 1
-9 1
+4 1
+1 1
+1 1 1
+1 1
+2 1 1

fl=(48)
fn=(152) openaux
61 6 0 2 1 0 0 1
+7 2 2
-4 4 4
+1 2 2
-1 16 4 2
cfi=(27)
cfn=(118)
calls=2 1927 
* 5987 1180 715 95 38 69 92 38 69
* 2 0 2
+5 4 4

fn=(148)
159 2 0 1 1 0 0 1
+1 3
-1 2 0 1
+1 1
-1 1 0 1
+1 1 0 0 1 0 0 1
-1 5 0 4 0 0 1 0 0 1
+1 3
-1 1 0 1 0 0 1 0 0 1
+1 1
-1 1 0 1
+1 7 0 0 1 0 0 1
-15 1 1
+15 2
-8 1 1
-6 1
-1 1 0 1 0 0 1 0 0 1
+15 1 0 0 1 0 0 1
-16 1 0 1
+8 3 0 1
-6 1 0 1
+6 1 0 1
+24 3
-28 3 0 1
-2 1 0 0 1 0 0 1
+31 1 1
-33 2 0 1
+2 5
-1 4 0 1
+7 4 1 1 1 0 0 1
+24 7 1 1
+4 1 0 1
fi=(55) /build/glibc-SzIz7B/glibc-2.31/elf/../include/scratch_buffer.h
77 3 0 2 1 0 1 1 0 1
fe=(48)
198 1 1
fi=(55)
78 1 0 1
fe=(48)
200 2 0 2
+87 1 0 1
-89 1 0 1
+4 1
+7 1 0 1
+4 4 1 1 1 0 0 1
-4 3 0 3
+4 12 3 3
+11 12 6 0 0 2 0 0 2
-18 2
+18 4 2
433 12 4 0 1 0 0 1
+2 2
+3 2
-3 4 0 2
+3 4 0 2
cob=(2)
cfi=(18)
cfn=(44)
calls=2 0 
* 54 12 10
* 2
+1 4
+6 2 0 2
+1 10 2 2
cfi=(20)
cfn=(48)
calls=2 127 
* 22 6 4 0 0 1 0 0 1
+1 10 0 2
cfi=(20)
cfn=(48)
calls=2 127 
* 22 6 4
+4 2 0 2
-1 2 0 2
+5 16 8 0 1 0 0 1
202 9 6
458 9 3
-1 4 4
+1 8
199 3 1 1
+27 2 2 0 1 0 0 1
+11 2 2
-5 2 0 2 0 0 1 0 0 1
-6 4 2 2
+5 2 0 2
+2 4 2 2
+1 4 2 2 1 0 0 1
+3 8 4
+66 2
-97 2
+97 2 0 2
-66 2 0 2
+66 4 0 2 1 0 0 1
-65 6
+6 8 4 2 0 0 1 0 0 1
cfi=(27)
cfn=(150)
calls=2 -13 
* 108 21 12 2 3 1 2 3 1
* 6
+4 6 4 0 1 0 0 1
-2 2 0 2
+2 2 0 2
cob=(2)
cfi=(18)
cfn=(110)
calls=2 0 
* 6145 1222 765 96 38 72 93 38 72
+1 4 2
+9 2 2
+2 4 2 0 1 0 0 1
+5 10 0 2
+6 2 2
+2 2 0 2
-8 4
+3 2 0 2 1 0 0 1
+1 2 0 2
+1 2 0 2
+1 2 0 2
+4 10 2 4
+4 6 2
+1 3 0 1
-43 204 51 0 1 0 0 1
+1 98
+44 147
-38 4 0 0 1 0 0 1
fi=(55)
85 3 2 0 1 0 0 1
fe=(48)
464 6 2
+1 1 0 1
+3 5 2 1 1 0 0 1
+11 4 1 1 1 0 0 1
cob=(2)
cfi=(18)
cfn=(44)
calls=1 0 
* 27 6 5
* 1
+2 2
+5 6 3 1
+1 1 0 1
+2 4 0 0 1 0 0 1
+2 1 1
+4 3 0 1 0 0 1 0 0 1
+4 2 1 1
-10 3 1
+2 3 3
+4 9 0 3
+4 6 3 3
-10 9 3
+13 2 1
+51 3 2 0 1 0 0 1
+2 1 1
-1 1
+1 2
+35 5 0 1 2 0 0 2
cfi=(20)
cfn=(48)
calls=1 127 
* 11 3 2
+4 5 0 1
cfi=(56)
cfn=(178)
calls=1 28 
* 236 52 31 9 0 0 9
+3 1 0 1
+2 1 1
+1 1 0 1
-1 1 0 1
+2 2
+7 3 1 0 1 0 0 1
+3 3 1
+3 8 7
214 25 11 0 1 0 0 1
+3 2
fi=(55)
-86 6 0 2
cfi=(54) /build/glibc-SzIz7B/glibc-2.31/malloc/scratch_buffer_set_array_size.c
cfn=(174) __libc_scratch_buffer_set_array_size
calls=2 30 
* 36 10 6 3 0 0 3
fe=(48)
+86 4 0 0 1 0 0 1
+4 6 2 2
-61 2 0 1 1 0 0 1
380 6 0 3 1 0 0 1

fl=(6)
fn=(210) check_match
75 1157 267 445 2 19 2 2 15
+3 178 89 0 0 11 0 0 10
+13 348
-13 348
+13 174 0 0 1 0 0 1
+3 266 46 23
cfi=(22)
cfn=(58)
calls=23 +17 
* 1122 187 0 15 24 0 15 18
* 46
+4 87 87
+1 174
+2 172
+19 172 172 0 0 8 0 0 3
+1 688 258 0 1 2 0 1
+39 87
+7 522 522
-18 2
+2 2 2 0 1 0 0 1
+1 1
-1 2
+1 3
-1 2
+16 12 12
-45 258 172 86 1 0 0 1
cfi=(22)
cfn=(58)
calls=86 -11 
* 2326 602 0 0 2
* 172
-44 8
+82 4

fn=(208) do_lookup_x
368 776 0 582 1 0 2 1 0 1
+1 97 97 0 0 2
-1 582 194 388 0 0 6 0 0 1
+48 97
+35 291 0 97 1 0 0 1
-65 97 97
-11 97 97
+41 97 0 97
-30 194 0 97
+65 194
-51 924 308 0 0 2
+4 308 0 308 1 0 0 1
+4 308 308 0 0 7
-3 308 0 308
+3 616 308 308 0 7
+1 924 616 308 0 3 1 0 0 1
+3 308 308
+1 616
+7 616 616
-3 616 616
-2 308 308 0 0 42 0 0 33
+5 924
+3 2156
571 663
379 616 616 0 1 9 0 1
+3 616
+4 616
+4 616 308 0 0 7
+4 616 308 0 0 2
+88 174 87 0 1 0 0 1
fi=(60)
126 261 87
fe=(6)
533 174
+3 656 87
+16 435 87 87
+2 174
427 270 0 0 1 0 0 1
-1 180 180 0 1 47 0 1 44
+2 180
+2 90 90
+6 270 90 180
-6 90
+6 810 180 360 1 0 0 1
+7 279
-10 900 180 0 0 68 0 0 65
+3 89
-1 178 89 0 1 0 0 1
+1 178 89 89 0 0 2
-1 89
+2 178
-1 1068 356 445 1 0 1 1 0 1
cfn=(210)
calls=89 75 
* 8333 2416 554 21 66 2 21 46
+4 271 2
574 10
+1 776 679
-35 30 10 0 1 1 0 1
-66 6 3 0 2 0 0 2
325 18 15 0 1 0 0 1
-31 609 435 0 1 0 0 1

fn=(10)
961 4 0 0 1 0 0 1
+3 12 4
+2 4 4 0 1 0 0 1
+2 8 4 4 0 4 1 0 4 1
+2 4 4 0 0 1 0 0 1
-1 4 4
+3 12
+1 4 0 4
+4 4
-3 4
+7 4
-7 4 4
+3 4
-1 4 0 4
+3 4 0 4
+2 4 0 0 1 0 0 1
-7 4 0 4
+7 4 0 4
+5 4 4

fn=(206)
841 970 0 582 1 0 1 1
582 97 97 0 0 72 0 0 69
841 388 0 388 1 0 4 1 0 2
582 291
-1 194
+2 194
-1 97
+1 291
-1 291 97
+1 2536
-1 1268
+1 3804
-1 3901 1268 0 0 23 0 0 22
847 97 0 97 0 0 2
-4 97 0 0 1 0 0 1
+1 97
+7 97 97
-8 97 0 97 0 0 1
+1 97 0 97 0 0 1
+7 269 86
+3 485 388 0 1 3 0 1
+6 194
-7 582 97 97
+7 60 20
+1 1261 485 679 1 0 3 1 0 1
cfn=(208)
calls=97 368 
* 31973 10267 4208 36 263 14 36 188 4
* 378 87
+5 194 97 0 1 0 0 1
+24 696 174
+40 348 87
+14 261 87 0 1 3 0 1 1
+3 348 174
+5 87 0 87
+2 873 679
-86 60 10 0 1 0 0 1
+17 10 0 10 1 0 0 1
+1 20
+59 2 0 1 1 0 0 1

fl=(14)
fn=(30)
41 13 0 0 1 0 0 1
+38 13
+1 13
+1 13
+1 13
+1 13
+1 13
+1 13 0 0 1 0 0 1
+2 13
+2 13
+31 13 13 0 0 2 0 0 2
+1 13
+1 13
+1 13
+1 13
+1 7
+2 7 7
+4 6
+1 6 6
+1 6 6 0 0 2 0 0 2
+1 6 6
+1 6
+1 6
+1 6
+1 6 0 0 1 0 0 1
+1 6
+1 6
+1 6
+1 6
+5 42 3
+74 3 3 0 1 0 0 1
+1 3 3
+1 3 3
+1 3 3
+1 3
+1 3
+1 3
+1 3
+16 3 0 0 1 0 0 1
+2 3
+1 42 12 0 1 0 0 1
+2 3
+1 3
+1 3
+2 3 3

fl=(54)
fn=(174)
30 2 0 0 1 0 0 1
+4 2
-4 2 0 2
+1 2
+3 2
-3 2 0 0 1 0 0 1
-1 2 0 2
+5 2
-5 4 0 2
+5 2
+11 2
-1 4 2
+18 8 8 0 1 0 0 1

fl=(15)
fn=(32)
32 5 0 2 1 0 0 1
+8 6 2 0 0 1 0 0 1
+4 2
+16 5 3 0 1 0 0 1

fl=(1) ???
fn=(0) 0x0000000000001100
0 2 0 1 1 0 1 1 0 1
cfi=(2)
cfn=(2)
calls=1 463 
0 116801 28501 11394 744 1264 553 737 1127 534
0 14 3 2 1 1
cfi=(102)
cfn=(312)
calls=1 79 
0 2063 287 144 56 26 6 56 6 5
0 3
cob=(5)
cfi=(111)
cfn=(348)
calls=1 0 
0 153559 34160 12919 377 1241 113 360 932 65

fl=(123)
fn=(396)
67 2 0 0 1 0 0 1
+5 2 0 2
+3 2
+2 2
+10 2 2 0 1 1 0 1
+6 2 0 2 0 0 1
+1 2 0 2
+1 2 0 2
+1 2 0 2
+1 2 0 2
+1 2 0 2
+1 2 0 2
+4 2
+1 2
+3 2 0 2 0 0 1
+1 2 0 2
+2 2 0 2 1 0 0 1
+1 2 0 2
+1 2 0 2
+1 2 0 2
+1 2 0 2
+1 2 0 2
+2 2 0 68 0 0 10
+7 2 2
+1 2 2
+1 2 0 2 0 0 1
cfi=(124)
cfn=(398)
calls=2 -60 
* 1537 415 154 5 54 17 5 4 3
+1 2 0 0 1 0 0 1
+5 2
+1 2
+1 2 72
+2 2 2
+1 2 2
+1 2 2
+1 2 2
+1 2 2
+1 2 2
+1 2 2
+2 2
+2 2 2
+4 2
+3 2

fl=(36)
fn=(108)
225 10 0 3 1 0 0 1
+2 2 0 1
cob=(2)
cfi=(18)
cfn=(110)
calls=1 0 
* 2830 640 311 109 26 33 109 26 33
+1 2 1 1
+1 1 1
+1 1 1
-1 1 0 1
+1 1 0 1
+2 5 4 0 1 0 0 1

fn=(180)
238 6 0 2
+1 1 1
+1 1 1
+3 1 0 1
+1 1 0 1
+2 1 0 1 1 0 0 1
cfi=(2)
cfn=(182)
calls=1 639 
* 2535 729 261 25 31 17 24 30 17
+2 1 0 1
+1 1 0 1
+1 4 3

fn=(112)
175 24 3 15 1 0 2 1 0 2
+3 6
+22 3 0 0 1 0 0 1
-1 3 0 3 0 0 1 0 0 1
+7 6
-6 3 0 3
+3 6 0 3
+3 3 0 3
cfi=(37)
cfn=(114)
calls=3 30 
* 72 15 27 3 0 1 3 0 1
* 12
+2 9 6 3
cfi=(48)
cfn=(152)
calls=2 61 
* 6023 1196 721 96 38 69 93 38 69
cfi=(2)
cfn=(116)
calls=1 606 
* 2769 627 289 103 26 32 103 26 32
+2 3 3
-1 3 3 0 1 0 0 1
+1 3
-1 3 0 3
+1 6 0 6
+9 12 6

ob=(4)
fl=(103)
fn=(564) 0x0000000000001070
0 5 1 0 1

fn=(320)
0 12 1 0 3 0 0 3

fn=(554)
0 9 3 2 2 2
cob=(2)
cfi=(18)
cfn=(560)
calls=1 0 
0 77 21 12 1 0 0 1
0 1 0 1
cfn=(564)
calls=1 0 
0 5 1 0 1
0 3 2 1

ob=(3)
fl=(73)
fn=(240)
54 1 0 0 1 0 0 1
-13 3 1
-2 1
+2 1 1
-2 2 0 0 1 0 0 1
+15 1 1

fl=(78)
fn=(250)
31 2 0 0 1 0 0 1
fi=(158) /build/glibc-SzIz7B/glibc-2.31/string/../sysdeps/x86_64/multiarch/ifunc-avx2.h
+1 6 4 0 1 0 0 1
-2 10
fe=(78)
+1 2 2

fl=(81)
fn=(256)
29 1 0 0 1 0 0 1
fi=(159) /build/glibc-SzIz7B/glibc-2.31/string/../sysdeps/x86_64/multiarch/ifunc-strcpy.h
+7 3 1
-2 1
+2 1 1
-2 2
fe=(81)
-5 1 1

fl=(90)
fn=(276)
29 1 0 0 1 0 0 1
fi=(158)
+3 3 2 0 1 0 0 1
-2 5
fe=(90)
-1 1 1

fl=(128) /build/glibc-SzIz7B/glibc-2.31/misc/sbrk.c
fn=(422) sbrk
32 6 0 4 1 0 0 1
+8 2 2 0 0 1
-8 4 0 2
+8 9 3 0 0 2
+4 4 0 0 1 0 0 1
+4 6
+12 5 4
-19 2 0 1 1 0 0 1
cfi=(129) /build/glibc-SzIz7B/glibc-2.31/misc/../sysdeps/unix/sysv/linux/x86_64/brk.c
cfn=(424) brk
calls=1 -13 
* 11 2 1 1 0 0 1
* 4 1
+15 2 0 1
cfi=(129)
cfn=(424)
calls=1 -28 
* 11 2 1
* 2
+4 5 4

fl=(100)
fn=(296)
31 1
fi=(160) /build/glibc-SzIz7B/glibc-2.31/string/../sysdeps/x86_64/multiarch/ifunc-strcasecmp.h
+1 4 2
fe=(100)
-1 1 1 0 1 0 0 1

fl=(137) /build/glibc-SzIz7B/glibc-2.31/libio/genops.c
fn=(572) _IO_cleanup
863 2 0 1 1 0 0 1
+3 1
-3 9 1 6 1 0 0 1
+3 1 0 1
cfn=(574) _IO_flush_all_lockp
calls=1 686 
* 114 32 22 11 6 1 11 3 1
-80 1 1
+80 1
-80 2
+1 6 3 0 1 0 0 1
fi=(144) /build/glibc-SzIz7B/glibc-2.31/libio/../sysdeps/unix/sysv/linux/x86/lowlevellock.h
47 2 0 1
fe=(137)
787 2 1 1
+3 1 1 0 1 0 0 1
-3 2 0 1
+3 2
fi=(140) /build/glibc-SzIz7B/glibc-2.31/libio/libioP.h
941 2
fe=(137)
807 1 1
fi=(140)
941 1
fe=(137)
807 2 0 1
+31 3 0 3
-48 9 3
+9 9 3 0 1 0 0 1
+2 6 2
+6 9 4 0 1 0 0 1
fi=(144)
47 2 0 1
fe=(137)
807 2
+8 5 2 0 1 0 0 1
+9 1 1
fi=(140)
943 2
+1 2
fe=(137)
824 4 1 1
cfi=(135) /build/glibc-SzIz7B/glibc-2.31/libio/fileops.c
cfn=(584) _IO_file_setbuf@@GLIBC_2.2.5
calls=1 382 
* 84 19 19 10 0 0 10
+2 3 1
+4 5 1 0 1 0 0 1
+1 12 3 3 1 0 0 1
+11 8 1 3
+1 2 0 0 1 0 0 1
+35 12 9
-92 4 0 2 1 0 0 1
+33 1 1
-2 1 0 0 1 0 0 1
+3 1 0 1
-3 1 0 1
+2 3 1 1
-12 5 2 2 1 0 0 1

fn=(450) _IO_doallocbuf
343 1 0 0 1 0 0 1
+1 2 1
-1 3 0 3
+3 4 1
+1 1 1
fi=(140)
941 3
+2 2 0 0 1 0 0 1
+1 2
fe=(137)
347 2 1 1 0 1
cfi=(138) /build/glibc-SzIz7B/glibc-2.31/libio/filedoalloc.c
cfn=(452) _IO_file_doallocate
calls=1 78 
* 299 58 42 13 2 7 13 0 1
* 2
+3 4 4 0 1 0 0 1

fn=(464) _IO_default_xsputn
371 1 0 0 1 0 0 1
+3 2
-3 7 0 4 1 0 0 1
fi=(140)
941 1
fe=(137)
371 1 0 1
fi=(140)
941 1
fe=(137)
371 1 0 1
fi=(140)
941 1
fe=(137)
371 2
+28 26 8
fi=(140)
943 16
+1 16
fe=(137)
399 32 16 8
cfi=(135)
cfn=(448) _IO_file_overflow@@GLIBC_2.2.5
calls=8 732 
* 272 72 40 0 0 1 0 0 1
* 16
+2 8
-22 44 18 0 1 0 0 1
+25 1 0 0 1 0 0 1
-11 1
+11 7 7

fn=(574)
686 12 1 7 2 0 0 2
+5 4 1 1
+1 6 3 0 1 0 0 1
fi=(144)
47 2 0 1
fe=(137)
692 2 1 1 1 0 0 1
+3 1 1 0 0 1
-8 1
+5 2 0 1
+3 2
fi=(140)
941 3
fe=(137)
699 2 1
+10 6 0 0 2 0 0 2
+2 3 0 3
-16 9 3 0 0 2 0 0 1
+2 3 0 3 1 0 1 1 0 1
+1 6
+3 23 10 0 2 3 0 2 2
+14 8 1 3
+1 3 1
+4 12 9 0 1 0 0 1
-29 4 0 2 1 0 0 1

fn=(460) _IO_setb
329 6 0 2 1 0 0 1
+1 2 2
-1 2 0 2
+1 2 0 0 1 0 0 1
+5 1
-3 1 1
+3 4
-3 2 1 1
+2 1 0 1
+4 4 3

fn=(486) __overflow
199 102 0 34 1 0 0 1
+2 102 34
+2 34 34 0 1 0 0 1
fi=(140)
941 102
+2 68
+1 68
fe=(137)
203 34 34
+1 68 34
-1 34
cfi=(135)
cfn=(448)
calls=34 732 
* 3341 838 531 1 0 0 1

fn=(586) _IO_default_setbuf
452 2 0 1 1 0 0 1
fi=(140)
941 1
fe=(137)
452 2 0 1
fi=(140)
941 1
fe=(137)
452 1 0 1
fi=(140)
941 1
fe=(137)
452 4 0 1 1 0 0 1
+1 1 1
fi=(140)
943 2
+1 2
fe=(137)
453 2 1 1
cfi=(135)
cfn=(588) _IO_file_sync@@GLIBC_2.2.5
calls=1 793 
* 18 7 3 3 0 0 3
* 2
+2 2 2
+7 1
-7 2
+11 1 0 0 1 0 0 1
+1 1
-1 3 0 3
+2 6 5
-11 1 0 0 1 0 0 1
+1 2
-1 1 0 1
330 4
+2 2
+5 1
-5 1
+5 1 0 1
-5 1 0 1 1 0 0 1
+5 1

fl=(71)
fn=(236)
29 1 0 0 1 0 0 1
fi=(72) /build/glibc-SzIz7B/glibc-2.31/string/../sysdeps/x86_64/multiarch/ifunc-memcmp.h
+3 1 1
+1 3 2
-1 2
+2 3 0 0 1 0 0 1
+1 2 1
fe=(71)
-6 1 1

fl=(127) /build/glibc-SzIz7B/glibc-2.31/malloc/morecore.c
fn=(420) __default_morecore
46 4 0 0 1 0 0 1
+1 2 0 2
cfi=(128)
cfn=(422)
calls=2 -15 
* 73 18 10 4 3 0 4
+2 6
+3 4 2

fl=(129)
fn=(424)
28 2 0 0 1 0 0 1
+3 12 2 2
+2 4
+6 2
+1 2 2

fl=(64)
fn=(220)
31 1 0 0 1 0 0 1
fi=(160)
+1 4 2 0 1 0 0 1
fe=(64)
-1 1 1

fl=(91)
fn=(278)
31 1
fi=(160)
+1 4 2
fe=(91)
-1 1 1 0 1 0 0 1

fl=(149)
fn=(504)
33 7 0 5 1 0 0 1
+2 1 0 1
cob=(2)
cfi=(18)
cfn=(444)
calls=1 -35 
* 18 3
+1 1 1
-1 1
+1 11 6 0 1 0 0 1
fi=(144)
+11 2 0 1
fe=(149)
-11 3 2 1 1 0 0 1
+3 1 1
-3 1 0 1
+3 2
-1 2
+2 1 1 0 1 0 0 1
fi=(140)
941 3
+2 2
+1 2
fe=(149)
40 3 1 1
cfi=(135)
cfn=(442) _IO_file_xsputn@@GLIBC_2.2.5
calls=1 1198 
* 150 31 10
* 2
+1 4 3 0 1 0 0 1
+1 4
fi=(140)
884 2 1
+1 10 3 3 1 0 0 1
fe=(149)
46 7 6
-5 2 0 1 1 0 0 1
cfi=(137)
cfn=(486)
calls=1 199 
* 167 41 25
* 2

fl=(156) /build/glibc-SzIz7B/glibc-2.31/posix/../sysdeps/unix/sysv/linux/_exit.c
fn=(590) _Exit
27 3 1 0 1 0 0 1
+4 1
+2 2

fl=(69)
fn=(230)
30 1 0 0 1 0 0 1
fi=(161) /build/glibc-SzIz7B/glibc-2.31/wcsmbs/../sysdeps/x86_64/multiarch/ifunc-avx2.h
+2 3 2
-2 6 1 0 1 0 0 1
fe=(69)

fl=(119)
fn=(380)
3023 19 0 0 1 0 0 1
+8 19 19
-8 76 0 57 0 0 1
+8 19 19 0 0 1
+1 38
1208 36 0 0 1 0 0 1
+2 72
3044 72 36
+3 36 18
+9 54 18 0 1 0 0 1
+2 54 0 18
cfn=(416) _int_malloc
calls=18 1208 
* 2542 431 432 2 0 12 2 0 9
* 18
+1 126 18
+23 90 72
1210 72 0 0 1 0 0 1
3048 18 0 0 1 0 0 1
+1 54 18
-16 1 1 0 1 0 0 1
+49 3 3
-49 1
cfi=(120) /build/glibc-SzIz7B/glibc-2.31/malloc/hooks.c
cfn=(382) malloc_hook_ini
calls=1 29 
* 75017 15042 617 86 1174 85 83 916 52

fn=(416)
1208 40 0 0 1 0 0 1
3513 20 0 20
1210 20
3513 160 0 100 1 0 1 1
1210 40
3638 19 0 0 1 0 0 1
+2 19 19
-2 19
+2 38
1210 40 0 0 1 0 0 1
3553 40
1637 40
3577 40 20 0 1 0 0 1
+58 4
+62 32 0 10 2 0 1 2
+1 3 1
3582 36 18 0 1 0 0 1
+2 36
+5 57 0 0 1 0 0 1
4147 272 140 0 2 0 0 2
3637 57 0 19
+3 209 0 171 1 0 0 1
+77 19
+1 19 19
-1 38
-1 38 0 19
+2 38 19
-1 1
+1 1 1
-1 2
-1 2 0 1 0 0 1
+2 2 1
-2 57 19 19
+6 38 0 19
+73 57 0 38
-67 57 19
-6 2 0 1 1 0 0 1
+73 3 0 2
-67 3 1
3917 40 0 0 2 0 0 2
+2 3 1
+3 1 1
-3 1
+3 2
+68 40 20
+1 20
+1 20
-1 20
+1 20
+1 40 20
+1 60 0 0 1 0 0 1
+5 40
+4 60 0 0 1 0 0 1
+3 80 20
-3 60
+3 76 19
-3 38
+3 54 18
+97 20 20 0 1 0 0 1
+1 40 20
+2 40 20 0 0 1
+3 61 0 1
+17 3 1
-12 19 0 0 1 0 0 1
-3 19
+1 38 19
+2 19
-1 19 0 19
+1 19
+2 19
+3 19
-5 95 0 19
+2 19 0 19 0 0 10 0 0 10
1868 57 19 0 1 0 0 1
4141 4 1 1 1 0 0 1
cfn=(418) sysmalloc
calls=1 2255 
* 236 53 37 20 7 2 20 1 2
* 1
+1 2
1868 3 1

fn=(412) tcache_init.part.0
2981 1 1 0 1 0 0 1
-9 1 0 1
+9 6 2
fi=(126) /build/glibc-SzIz7B/glibc-2.31/malloc/../sysdeps/unix/sysv/linux/x86/lowlevellock.h
47 2 0 1
fe=(119)
2982 3 0 1
cfn=(416)
calls=1 1208 
* 362 75 59 36 8 2 36 1 2
* 1
+1 2 0 0 1 0 0 1
+8 4 1 1
+7 2
+2 1 1
+1 2
-1 1 0 1
+1 86 0 81 1 0 9 1 0 9
+3 2 2

fn=(418)
2255 8 0 6 1 0 0 1
+20 2 2
+11 2
+1 5 1 1 0 1 0 0 1
fi=(121) /build/glibc-SzIz7B/glibc-2.31/malloc/arena.c
536 3 0 1 1 0 0 1
fe=(119)
2302 4 0 2
+66 1 1
+1 3 1
+1 1
+9 4 1
+6 3 0 0 1 0 0 1
+3 3
2705 2 1 0 1 0 0 1
+1 1 0 1
+5 2 1 0 1 0 0 1
+3 2
+2 2
+1 1
-1 1
+2 3 0 1
+1 1
+1 1
+2 1
-3 2 0 1
+1 1 0 1 0 0 1 0 0 1
+8 9 7 0 1 0 0 1
2449 9 2 1 2 0 0 2
+11 1
+8 3
+2 5 2 3 0 1
cfi=(127)
cfn=(420)
calls=1 46 
* 62 12 8 5 2 0 5
* 1
+1 1
+3 4 2 0 1 0 0 1
+3 2 2 0 0 1
+1 2
+46 6 2 0 0 1
+2 1 0 1 1 0 0 1
+6 2
-7 2 0 1 1 0 0 1
2661 1 0 0 1 0 0 1
-1 1 0 1
+1 3 0 1 0 0 1 0 0 1
+1 1 0 1
+11 2
2535 4 1 0 1 0 0 1
+40 3
+22 1 0 0 1 0 0 1
+1 1 1
-1 1
+1 5
+2 2
+1 2 2 1
cfi=(127)
cfn=(420)
calls=1 46 
* 27 8 4 0 1
+12 2
+8 2 2
+1 9 2 1 1 0 0 1

fn=(514)
3087 36 0 0 1 0 0 1
+5 36 36
+1 36
+6 36
+5 18 18
-2 18
+2 36
+18 54 36 0 1 0 0 1
+2 54
+1 18
+1 18
-1 18
cfn=(516) _int_free
calls=18 4155 
* 1256 364 190 8 0 0 8

fn=(516)
4155 198 18 126 1 0 0 1
+10 54 18
+6 90
+1 36 0 0 1 0 0 1
+4 72
+8 90 36
-1 36
+1 36 18
+3 18 0 0 1 0 0 1
+6 36 18
+13 90 36
+14 16 8
+11 32 8 0 1 0 0 1
+2 24 8
1875 24 8
4254 8 0 8
+1 8
+4 24 8
+2 24 8
+4 16
+2 8 0 8
+1 8 0 8
+18 30
4428 198 162 0 2 0 0 2
2924 20 0 10 2 0 0 2
+4 10
-2 20 10 10
+1 10 0 10
+1 10 0 10
4209 10

fl=(122) /build/glibc-SzIz7B/glibc-2.31/elf/dl-addr.c
fn=(388) _dl_addr
126 7 0 4 1 0 1 1 0 1
+2 1
-2 4 0 2
+5 1 1 0 1 0 0 1
-5 1 0 1 0 0 1 0 0 1
+5 2 1 1 0 1
cob=(1)
cfi=(2)
cfn=(52)
calls=1 801 
* 3 1 1 0 0 1
+2 2 0 1
cob=(2)
cfi=(18)
cfn=(390)
calls=1 0 
* 893 278 134 15 10 8 15 2 3
+2 2
30 4 2 1
+4 2 1 0 1 0 0 1
+5 1 1
+6 1 1 0 0 1
-7 1 1
+2 2 2
+2 1 1
-2 1 0 1
+2 2 1 1
+3 2
+4 5 2 0 1 0 0 1
-5 4
+5 4043
+2 1010 1010 0 0 59 0 0 20
+1 2020
-1 1 1
+1 2
+2 2757 919 0 1 0 0 1
+10 9308 2327
+1 14980 5320 0 0 368 0 0 331
+5 7074 2358 0 0 140 0 0 84
-10 7074 0 0 1 0 0 1
+1 14148 2358 0 0 511 0 0 474
+2 7043
+37 2 0 0 1 0 0 1
+1 1 0 1 0 0 1
+1 3 1 0 0 1
+3 2
+36 2 1 1 1 1 0 1
cob=(1)
cfi=(2)
cfn=(54)
calls=1 807 
* 3 1 1 0 0 1
+3 9 7 0 0 1
-79 2016 0 0 1 0 0 1
+52 1 0 0 1 0 0 1
+21 1
-21 2 0 1

fl=(148)
fn=(498)
79 1 0 0 1 0 0 1
+13 1
+1 1
+2 1
+1 1
+1 1
+1 1
+1 1
+2 1 1 0 0 1
+1 1 1
+1 1
+1 1
+1 1 0 0 1 0 0 1
+1 1
+1 1
+1 1
+18 1 1
+1 1 1
+1 1
+2 1
+1 1 1

fl=(88)
fn=(272)
49 1 0 0 1 0 0 1
-9 3 1
-2 1
+2 1 1
-2 2
+11 1 1

fl=(84)
fn=(264)
31 2 0 0 1 0 0 1
fi=(85) /build/glibc-SzIz7B/glibc-2.31/wcsmbs/../sysdeps/x86_64/multiarch/ifunc-wmemset.h
+1 4 2 0 1 0 0 1
-2 2
+2 6 2
-2 4
+5 2
-1 2
+1 2
-1 6 0 0 1 0 0 1
fe=(84)
-3 4 2

fl=(142) /build/glibc-SzIz7B/glibc-2.31/io/../sysdeps/unix/sysv/linux/write.c
fn=(478) write
25 22 0 0 1 0 0 1
+1 154 22
+1 22 22

fl=(75)
fn=(244)
29 1 0 0 1 0 0 1
fi=(76) /build/glibc-SzIz7B/glibc-2.31/string/../sysdeps/x86_64/multiarch/ifunc-memset.h
+13 5 2
+4 2 1
-1 2
+12 4 2 0 1 0 0 1
+2 5 1
fe=(75)

fl=(116) /build/glibc-SzIz7B/glibc-2.31/setjmp/../sysdeps/x86_64/setjmp.S
fn=(372) __sigsetjmp
30 1 0 0 1 0 0 1
+2 1 0 1
+9 1
+1 2 1 0 1 0 0 1
+1 1 0 1
+4 1 0 1
+1 1 0 1
+1 1 0 1
+1 1 0 1
+1 1
+2 2 1
+2 1 0 1
+1 1 1
+1 1
+2 2 1 0 1 0 0 1
+2 1 0 1
+5 1 1 0 0 1
+1 1
+17 1
cfi=(117) /build/glibc-SzIz7B/glibc-2.31/setjmp/sigjmp.c
cfn=(374) __sigjmp_save
calls=1 -56 
* 9 2 2 1 0 0 1

fl=(132)
fn=(436)
44 156 0 0 1 0 0 1
+1 156
+2 156
+1 156
+1 156
+2 156
+1 156
+1 156
+21 156 0 0 1 0 0 1
+1 156
+1 156 156 0 0 1 0 0 1
+1 156
+1 156
+1 156
+1 156
+2 156
+1 156 0 0 1 0 0 1
+1 156
+2 156
+1 156
+2 156
+7 156
+1 156 156

fl=(113) /build/glibc-SzIz7B/glibc-2.31/stdlib/cxa_atexit.c
fn=(356) __new_exitfn
82 1 0 0 1 0 0 1
+6 2 1 0 0 1
-6 4 0 2
+11 4 1 0 0 1
-10 2
+12 4 1 0 1 0 0 1
-2 1 1
+10 1 0 1
-10 3
+45 1 0 1 1 0 0 1
+5 1
-4 1 0 1
+4 4 3
-18 1 0 1 1 0 0 1
-1 1
+1 1

fn=(352) __cxa_atexit
69 6 0 4 1 0 0 1
-28 3
+2 1 1 0 1 0 0 1
fi=(114) /build/glibc-SzIz7B/glibc-2.31/stdlib/../sysdeps/unix/sysv/linux/x86/lowlevellock.h
+4 1
fe=(113)
-4 2
fi=(114)
+4 2 0 1 0 0 1 0 0 1
fe=(113)
-3 2 0 1
cfn=(356)
calls=1 +38 
* 32 7 6 4 2 0 4
+2 2
+10 1 1
-3 1
+5 1 0 1
-5 2 1 0 1 0 0 1
+3 1 1
-1 1 0 1
+1 1 0 1 0 0 1
+3 4 1 1
+12 5 3

fl=(66)
fn=(224)
28 1
fi=(158)
+4 3 2
-2 5 0 0 1 0 0 1
fe=(66)
-2 1 1

fl=(80)
fn=(254)
31 1 0 0 1 0 0 1
fi=(160)
+1 4 2
fe=(80)
-1 1 1 0 1 0 0 1

fl=(97)
fn=(290)
29 1
fi=(98) /build/glibc-SzIz7B/glibc-2.31/wcsmbs/../sysdeps/x86_64/multiarch/ifunc-memcmp.h
+3 1 1
+1 3 2
-1 2 0 0 1 0 0 1
+2 3
+1 2 1
fe=(97)
-6 1 1

fl=(89)
fn=(274)
29 1 0 0 1 0 0 1
fi=(158)
+3 3 2
-2 5
fe=(89)
-1 1 1

fl=(61)
fn=(214)
29 2 0 0 1 0 0 1
fi=(62) /build/glibc-SzIz7B/glibc-2.31/string/../sysdeps/x86_64/multiarch/ifunc-memmove.h
+16 6 4 0 0 1
-1 4
+5 4 2
-1 4
+12 4
+2 10 4 0 1 1 0 1
fe=(61)

fl=(151) /build/glibc-SzIz7B/glibc-2.31/stdlib/cxa_thread_atexit_impl.c
fn=(522) __call_tls_dtors
145 4 0 2 1 0 0 1
+1 4 2
+18 4 3 0 1 0 0 1

fl=(79)
fn=(252)
29 1 0 0 1 0 0 1
fi=(162) /build/glibc-SzIz7B/glibc-2.31/string/../sysdeps/x86_64/multiarch/ifunc-sse4_2.h
+1 5 2 0 1 0 0 1
fe=(79)
-1 1 1

fl=(63)
fn=(218)
29 1 0 0 1 0 0 1
fi=(159)
+7 3 1
-2 1
+2 1 1
-2 2
fe=(63)
-5 1 1 0 1 0 0 1

fl=(107) /build/glibc-SzIz7B/glibc-2.31/ctype/ctype-info.c
fn=(334) __ctype_init
29 1 0 0 1 0 0 1
+2 7 5 1 0 3
+2 4 2 1 0 1
+2 4 2 1 1 0 0 1
+1 1 1

fl=(154) /build/glibc-SzIz7B/glibc-2.31/nptl/register-atfork.c
fn=(540) __unregister_atfork
79 6 0 2 1 0 0 1
+1 6 2
fi=(155) /build/glibc-SzIz7B/glibc-2.31/nptl/../sysdeps/unix/sysv/linux/x86/lowlevellock.h
-33 4 0 2 0 0 1 0 0 1
fe=(154)
+35 2 2
-14 4
+38 8 2 2 1 0 0 1
+1 4 4

fl=(147) /build/glibc-SzIz7B/glibc-2.31/libio/iopadn.c
fn=(494) _IO_padn
37 450 0 225 1 0 0 1
+8 75 0 0 1 0 0 1
-8 525 75 300
+7 150
+10 225 0 0 1 0 0 1
-13 150 0 0 1 0 0 1
+21 150 0 0 1 0 0 1
+2 75 75
fi=(140)
941 225
+2 150
+1 150
fe=(147)
64 300 75 75
cfi=(135)
cfn=(442)
calls=75 1198 
* 6375 1260 750 0 1 0 0 1
+1 75
+3 900 675 0 1 0 0 1

fl=(93)
fn=(282)
29 1 0 0 1 0 0 1
fi=(161)
+3 3 2 0 1 0 0 1
-2 5
fe=(93)
-1 1 1

fl=(67)
fn=(226)
31 1 0 0 1 0 0 1
fi=(158)
+1 3 2
-2 5 0 0 1 0 0 1
fe=(67)
+1 1 1

fl=(146) /build/glibc-SzIz7B/glibc-2.31/stdio-common/_itoa.c
fn=(492) _itoa_word
165 150 0 0 1 0 0 1
+3 300
+2 150
+9 1410 90 90 2 1 0 2 1
+9 150 75

fl=(87)
fn=(270)
29 1
fi=(162)
+1 5 2 0 1 0 0 1
fe=(87)
-1 1 1

fl=(70)
fn=(232)
33 1 0 0 1 0 0 1
fi=(62)
+12 3 2
-1 2
+5 2 1 0 1 0 0 1
-1 2
+12 2
+2 5 2
fe=(70)

fl=(95)
fn=(286)
31 1 0 0 1 0 0 1
fi=(159)
+5 3 1
-2 1
+2 1 1
-2 2
fe=(95)
-3 1 1

fl=(131) /build/glibc-SzIz7B/glibc-2.31/stdio-common/vfprintf-internal.c
fn=(432) __vfprintf_internal
1289 1248 78 624 2 0 0 2
+31 234 156 78
+8 235 78 1 0 1
+4 390 78 0 1 1 0 1
+11 234
+11 156 156
fi=(145) /build/glibc-SzIz7B/glibc-2.31/stdio-common/printf-parse.h
111 156
fe=(131)
1354 156 0 156
fi=(145)
111 78 0 78 1 0 0 1
cob=(2)
cfi=(18)
cfn=(434)
calls=78 0 
* 1950 234 0 4 2 0 4 1
fe=(131)
1369 156 0 78
fi=(145)
111 78 0 78
fe=(131)
1369 78
fi=(134) /build/glibc-SzIz7B/glibc-2.31/stdio-common/../libio/libioP.h
941 78
fe=(131)
1373 78 78
fi=(134)
941 156
+2 78 0 78 1 0 0 1
-2 156 0 78
+2 156
+1 156
fe=(131)
1373 468 156 78 0 1
cfi=(135)
cfn=(442)
calls=78 1198 
* 1560 546 468 2 0 1 2
* 312 0 0 1 0 0 1
+4 78 78
-4 78
+4 156 78
+4 624 234 78 1 1 0 1 1
-57 78 0 78
1687 78 78
1358 78 0 78
-8 78 0 78
1687 702 0 234 1 0 0 1
1423 546 78
-3 78
-5 78 0 78 1 0 0 1
+8 78
-11 156
-1 78 0 78
+12 78
-13 78 0 78
+13 78 78 0 0 2 0 0 2
-14 78 0 78
-1 234 78 78 1 2 0 1 2
-1 78 0 78
-1 156 0 78
-1 78 0 78
-1 78 0 78
-1 78 0 78 1 0 0 1
-1 78 0 78
+17 78 0 78
-3 78 0 78
+4 156 0 78
-92 154
1741 546 234 78 1 0 0 1
+1 234 78 0 1 0 0 1
+3 936 702
1369 546 156 234 2 1 0 2
+1 546 312 0 0 2 0 0 1
fi=(133) /build/glibc-SzIz7B/glibc-2.31/stdio-common/../sysdeps/unix/sysv/linux/x86/lowlevellock.h
47 156 0 78
fe=(131)
1370 312 78 156 1 0 0 1
1741 468 78 156
-36 78 0 78 1 0 0 1
+2 156 78
+8 78
fi=(145)
111 390 0 234 1 0 0 1
cob=(2)
cfi=(18)
cfn=(434)
calls=78 0 
* 1950 234
fe=(131)
1719 156 156
fi=(145)
111 78
fe=(131)
1719 234 78
fi=(134)
943 156 78
+1 156 78 0 1 0 0 1
fe=(131)
1719 546 78 156
cfi=(135)
cfn=(442)
calls=78 1198 
* 2202 678 546 15 1 0 15
* 702 78
+2 237 78 0 1 0 0 1
-33 84 24 9 3 0 0 3
fi=(134)
943 6 3
+1 9 3 3
fe=(131)
1688 15 3 6
cfi=(135)
cfn=(442)
calls=3 1198 
* 1145 261 140 31 5 9 31 1 2
* 558 81 0 2 0 0 2
-1 825 225 225 2 0 0 2
cfi=(146)
cfn=(492)
calls=75 165 
* 2160 165 90 3 1 0 3 1
* 2250 675 225 6 0 0 6
1439 975 225
-1 75 0 75
+1 75 0 0 1 0 0 1
-2 150 0 75
1677 75 0 0 1 0 0 1
fi=(145)
76 75 75
+2 75 75
-2 75
+2 225
-2 75 0 75
+2 225 0 0 1 0 0 1
fe=(131)
1687 1237 356 0 5 0 0 5
fi=(134)
943 150 75
+1 150 75
fe=(131)
1687 525 75 300 1 0 0 1
cfi=(135)
cfn=(442)
calls=75 1198 
* 5715 1080 690
* 1500 225 225 1 0 0 1
cfi=(147)
cfn=(494)
calls=75 37 
* 9975 2160 1350 6 1 0 6 1
* 1198 337 0 4 0 0 4
+1 150 0 0 1 0 0 1
-1 225 75
1568 150 0 0 1 0 0 1
+3 825 150 0 0 1 0 0 1
1687 225 75 0 1 0 0 1
+54 76 19 0 1 0 0 1
-54 225 75 0 1 0 0 1
+1 15 0 12 2 0 0 2
cob=(2)
cfi=(18)
cfn=(444)
calls=3 0 
* 66 10 0 4 1 0 4 1
* 3
-1 825 225 75 2 0 0 2
1543 150 75 0 1 0 0 1
fi=(145)
78 150
fe=(131)

fl=(139) /build/glibc-SzIz7B/glibc-2.31/io/../sysdeps/unix/sysv/linux/wordsize-64/fxstat.c
fn=(456) _fxstat
33 4 0 0 1 0 0 1
+1 2
+1 4
+4 1 1

fl=(83)
fn=(262)
49 1 0 0 1 0 0 1
-9 3 1
-2 1
+2 1 1
-2 2 0 0 1 0 0 1
+11 1 1

fl=(104)
fn=(326)
52 4 0 1 1 0 0 1
+3 3 1 0 0 1
+14 1 1 0 0 1
+8 1
-10 1 0 1 0 0 1 0 0 1
+1 1 0 1
+1 1 0 1 0 0 1 0 0 1
+8 1 0 1
cfi=(105) /build/glibc-SzIz7B/glibc-2.31/misc/init-misc.c
cfn=(328) __init_misc
calls=1 -47 
* 61 10 5 7 2 1 7
+8 2 1
-5 1
cfi=(107)
cfn=(334)
calls=1 -51 
* 17 10 3 2 4 0 2
-18 1 1 0 1 0 0 1
-7 1 0 1
+7 4 3

fl=(112)
fn=(350)
137 11 0 7 1 0 0 1
+4 1 1
-4 3 0 2 1 0 0 1
+4 3 0 1
+96 2
+1 3 0 1
cfi=(113)
cfn=(352)
calls=1 69 
* 68 15 16 7 2 2 7 0 1
+22 4 2
+3 2
+1 5 4 1 1 0 0 1
cob=(5)
cfi=(111)
cfn=(358)
calls=1 0 
* 53 11 8 6 0 0 6
+4 4 2
+15 2
+12 2 0 1
cfi=(115) /build/glibc-SzIz7B/glibc-2.31/setjmp/../sysdeps/x86_64/bsd-_setjmp.S
cfn=(370) _setjmp
calls=1 28 
* 34 7 10 5 1 0 5
* 1
+1 2
+5 2 1 1 1 1 0 1
+1 2 1 1 0 1
+3 2 0 1
+3 6 5 1 1 0 0 1
cob=(5)
cfi=(118)
cfn=(376)
calls=1 73 
* 152114 33798 12664 266 1204 105 263 928 62
+34 2 0 1
cfi=(150) /build/glibc-SzIz7B/glibc-2.31/stdlib/exit.c
cfn=(518) exit
calls=1 138 
* 1219 311 200 87 32 6 73 4 2

fl=(74)
fn=(242)
53 2 0 0 1 0 0 1
-12 6 2
-2 2
+2 2 2
-2 4 0 0 1 0 0 1
+14 2 2

fl=(150)
fn=(520) __run_exit_handlers
40 11 0 7 2 0 0 2
+5 3
+11 3 1
fi=(114)
-9 1
fe=(150)
+9 3 1
fi=(114)
-9 1
fe=(150)
+9 2
fi=(114)
-9 2 0 2 0 0 1
fe=(150)
+12 2 2 0 0 1
+2 5 0 0 1 0 0 1
+51 1 1
fi=(114)
-65 1
fe=(150)
+65 2
fi=(114)
-65 1 0 1
fe=(150)
+67 2 1
-44 6 2 0 1 1 0 1
+2 1
+1 1 1
-1 1 0 1
+4 4 1 1
+1 8 1 0 1 0 0 1
+29 1 1
+2 1 1 0 0 1
-5 1 0 1
+5 1
-2 2 1
+2 1 0 1
cob=(1)
cfi=(152)
cfn=(526)
calls=1 -78 
* 740 191 104 39 22 4 25 1 1
+1 1
+11 2 1 1 1 0 0 1
+1 2
+5 5 1 1
-61 1 0 1
+1 4 1 1 1 0 0 1
+63 2 1
+1 10 1 1 0 1
cfi=(137)
cfn=(572)
calls=1 863 
* 348 94 71 34 6 1 34 3 1
* 3
+2 2 0 1 1 0 0 1
cfi=(156)
cfn=(590)
calls=1 27 
* 9 1 0 2 0 0 2
-86 1 0 1 1 0 0 1
cfi=(151)
cfn=(522)
calls=1 +99 
* 12 5 2 2 0 0 2
* 1

fn=(518)
138 3 1 1 1 0 0 1
+1 3
-1 1
+1 1 0 1
cfn=(520)
calls=1 -99 
* 1211 310 198 86 32 6 72 4 2

fl=(82)
fn=(258)
29 1 0 0 1 0 0 1
fi=(62)
+16 3 2
-1 2
+5 2 1
-1 2 0 0 1 0 0 1
+12 2
+2 5 2
fe=(82)

fl=(115)
fn=(370)
28 1 0 0 1 0 0 1
+2 1
+2 1
cfi=(116)
cfn=(372)
calls=1 -2 
* 31 7 10 4 1 0 4

fl=(135)
fn=(448)
732 230 0 138 1 0 1 1
+1 184 46
+7 273 91
+35 90
+3 84 42
+3 126 0 84 0 0 1 0 0 1
+1 126 42
+1 168
+4 42
+1 168 168
-45 2 0 0 1 0 0 1
+12 2 0 0 1 0 0 1
+9 4 2
+5 2
+2 1
-2 1 0 1
+2 1
-2 2
+2 1 0 1
+1 1 1
-3 4 0 2 1 0 0 1
+3 4
+1 1 0 1
+2 2
+13 4 4
-12 4
+1 4
+11 8 8
-12 4
cfn=(462) _IO_do_write@@GLIBC_2.2.5
calls=4 424 
* 329 79 54 9 0 0 9
+9 38 38 0 1 0 0 1
-1 19
+1 19
-1 19 0 19
cfn=(462)
calls=19 424 
* 2052 494 342
* 38
-39 2 0 1 1 0 0 1
cfi=(137)
cfn=(450)
calls=1 343 
* 325 66 46 16 3 7 16 0 1
+1 6 2 3 1 0 0 1

fn=(588)
793 5 0 2 1 0 0 1
+5 4 2
+2 1 1 0 1 0 0 1
+1 2 1
+11 2 0 1 1 0 0 1
+4 4 3

fn=(476) _IO_file_write@@GLIBC_2.2.5
1174 154 0 88
+2 132 0 0 1 0 0 1
+5 22 0 22
cfi=(142)
cfn=(478)
calls=22 25 
* 198 44 0 1 0 0 1
+1 44
+5 22
+1 22
-12 44
+2 22 22
+2 44
+1 44 22
+10 66 22
+3 198 110 0 1 0 0 1

fn=(442)
1198 1240 0 930 1 0 0 1
+7 310
-7 1240 0 930 0 0 1
+6 1248 157 0 0 1 0 0 1
+7 628 157 0 1 0 0 1
+17 3 1
+6 156
+2 156
+2 468
-2 156 0 156
cob=(2)
cfi=(18)
cfn=(468)
calls=156 0 
* 3202 564 252 5 1 0 5
+1 156
+1 156
-2 156 0 156
+4 618
+28 2790 2170 0 1 0 0 1
-55 156 156
+4 156
-4 156
+1 312
+18 1 0 0 1 0 0 1
+12 1 1
fi=(140)
941 3
+2 2
+1 2
fe=(135)
1244 3 3
fi=(140)
941 9
+2 6
+1 6
fe=(135)
1244 12 4 4 0 1
cfn=(448)
calls=4 732 
* 777 173 121 31 3 8 31 0 1
* 8
+6 8 8 0 1 0 0 1
+1 28
+2 8
+11 12
+1 4 0 1
cfi=(137)
cfn=(464)
calls=1 371 
* 456 121 54 4 0 1 4 0 1
* 3 0 0 1 0 0 1
-46 1023 341 0 0 1 0 0 1
-2 1294
+4 3 0 0 1 0 0 1
+11 9
fi=(140)
947 6 0 0 1 0 0 1
fe=(135)

fn=(462)
424 23 0 0 1 0 0 1
+2 69
+1 1 1
-3 352 22 132 1 0 0 1
+10 44 22
+7 88 44
fi=(140)
944 44 0 0 2 0 0 2
fe=(135)
449 88 22 22
cfn=(476)
calls=22 1174 
* 1012 220 110 3 0 0 3
* 22
+1 110 22
+2 22 22
+4 22 22
-4 66 0 66
+1 44 0 44 1 0 0 1
+3 44
-2 22 0 22
-28 88
+1 176 154
+28 44 22 0 1 0 0 1

fn=(454) _IO_file_stat
1147 2 0 0 1 0 0 1
+1 3 1
cfi=(139)
cfn=(456)
calls=1 33 
* 11 1 0 1 0 0 1

fn=(584)
382 3 0 1 1 0 0 1
+1 1 0 1
cfi=(137)
cfn=(586)
calls=1 +69 
* 70 16 14 8 0 0 8
* 2 0 0 1 0 0 1
+5 1 1
+2 2
-2 3 0 3
+3 2 2

fl=(143)
fn=(482)
25 231 0 132 1 0 0 1
+2 396 231 0 1 0 0 1
fi=(144)
+20 66 0 33
fe=(143)
-20 132 66 66
+1 198 66 33 1 0 0 1
cfi=(137)
cfn=(486)
calls=33 199 
* 3786 933 540 3 0 0 3
* 33
fi=(140)
884 66 33
+1 330 99 99 1 0 0 1
fe=(143)
31 231 165

fl=(153)
fn=(536)
30 18 0 12 1 0 0 1
+3 2 2
fi=(114)
+14 2
fe=(153)
-14 4
fi=(114)
+14 4 0 2 1 0 0 1
+4 2
fe=(153)
-15 6 2
+4 14 2
-4 6 2 0 1 0 0 1
+58 8 2
+4 12 2 0 1 1 0 1 1
-4 6 2
+12 4
+1 4 0 2
cfi=(154)
cfn=(540)
calls=2 -28 
* 34 10 6 2 0 1 2 0 1
+2 8 2 2 1 0 0 1
+1 16 14

fl=(106)
fn=(332)
42 1 0 0 1 0 0 1
+1 1
+1 1
+2 1
+1 1
+3 1
+1 1
+1 1
+33 1 0 0 1 0 0 1
+1 1
+1 1 1 0 0 1
+1 1
+1 1 0 0 1 0 0 1
+1 1
+1 1
+1 1
+1 1
+1 1
+3 1
+1 1
+9 1
+1 1
+99 1 0 0 1 0 0 1
+1 1
+8 1
+1 1
+1 1
+1 1
+1 1
+2 1
+1 1
+1 1
+1 1
+1 1 1

fl=(136)
fn=(446)
42 4 0 0 1 0 0 1
+13 4
+1 4
+1 4
+3 4
+1 4
+1 4
+3 2 2
+1 2
+1 2
+8 2
+19 2 0 0 1 0 0 1
+1 2
+1 2 2
+1 2
+2 2
+1 2
+1 2
+1 1
+6 1
+1 1
+1 1
+4 1
+1 1 1
+16 1 0 0 1 0 0 1
+10 1 1 0 0 1 0 0 1
+1 1
+1 1
+1 1
335 3 0 0 1 0 0 1
+1 3
+1 3
+4 3
+1 3 3

fl=(65)
fn=(222)
29 1 0 0 1 0 0 1
fi=(159)
+7 3 1
-2 1 0 0 1 0 0 1
+2 1 1
-2 2
fe=(65)
-5 1 1

fl=(86)
fn=(268)
43 1
-6 5 2 0 1 0 0 1
+6 1 1

fl=(109)
fn=(338)
488 8 0 6 1 0 0 1
+14 6 4
758 2 0 0 1 0 0 1
+2 1
+1 1 0 1 0 0 1 0 0 1
+2 1
-3 1
+5 1 0 1
-5 1 0 1
+4 3 0 1
+4 2 0 0 1 0 0 1
+3 2
+2 1
+1 1 0 1 0 0 1 0 0 1
+2 1
-3 1
+5 1 0 1
-5 1 0 1
+4 3 0 1
+15 1 1
+2 6 1
-2 1 0 1 0 0 1 0 0 1
+3 8 7
500 1 1 0 1 0 0 1
+4 1
-4 1 0 1 1 0 0 1
+4 1 0 1
cfn=(340) handle_intel.constprop.0
calls=1 259 
* 446 49 23 15 6 0 15 6
+2 1
-2 1
+2 1 0 1
cfn=(340)
calls=1 259 
* 487 49 23
+5 1
-5 1 0 1
+5 1 0 1
cfn=(340)
calls=1 259 
* 512 49 23 1 0 0 1
* 1
+8 2
-9 1 0 1
+20 1
+5 2 1 0 1 0 0 1
+4 2 1
+8 6
+3 4
+6 2
-6 9
+6 6
+3 26 0 0 1 0 0 1
+14 2
+4 1
+3 1
+1 1
-4 1
+3 1
-3 1
+3 1
+6 4
-39 6
691 4 0 0 1 0 0 1
+1 4
+4 2
+59 2 0 0 1 0 0 1
564 2 0 0 1 0 0 1
+4 1
+1 1
-1 2
+1 1
+23 2 1 0 1 0 0 1
+8 2 1 0 1 0 0 1
+2 1
-2 6
+2 4
-2 1
+4 1
+23 2
-25 2
+2 6 0 0 1 0 0 1
+2 6
+3 2
+1 8
+2 4
+3 2
+5 1
+2 2
+1 1
+1 1 0 0 1 0 0 1
-2 2
+1 1
+1 1
+27 2
+1 2
+2 2 1
-1 2
-23 2
+3 1
+1 2 1
+3 1 0 0 1 0 0 1
+2 4
+1 1
+5 2

fn=(342) intel_check_word.isra.0
132 12 0 0 1 0 0 1
-4 36 0 24
+10 24
-10 6
+10 18
+2 60 0 0 1 0 0 1
+2 15
+2 30
+8 30
+51 24 0 0 1 0 0 1
+22 12
fi=(110) /build/glibc-SzIz7B/glibc-2.31/string/../bits/stdlib-bsearch.h
28 12
-1 12
+4 24
+1 12
fe=(109)
+87 24 12 0 0 1 0 0 1
fi=(110)
-88 18
+1 9
fe=(109)
+87 18 9 0 0 1 0 0 1
+3 81 0 0 1 0 0 1
fi=(110)
-93 192
+2 120
+1 60
fe=(109)
+87 120 60 0 0 4 0 0 4
+15 3
255 36 30
fi=(110)
37 15 0 0 1 0 0 1
-8 36
fe=(109)
164 9
+3 9
-6 13 0 0 1 0 0 1
+3 4
+9 4
+23 5
-32 15
+3 15
+4 14
+2 28
+2 14
+2 10
+4 3 0 0 1 0 0 1
+2 6
+2 3 0 0 1 0 0 1
+2 3 0 0 1 0 0 1
-1 3
-1 3
+2 6
-2 3
+3 9
-2 9
+2 6
-10 6
+1 2 0 0 1 0 0 1
-15 1 0 0 1 0 0 1
+7 2
+2 4

fn=(340)
259 21 0 18 1 0 0 1
+2 3 3 0 1 0 0 1
-2 9 3 3
+5 6 3
+8 6 0 3
+3 6
-2 3 0 3
+2 3
-5 6 0 3 1 0 0 1
+11 15 0 6
+5 6
+2 3
+1 3
-1 3 0 3
+5 18 0 3 1 0 0 1
cfn=(342)
calls=3 132 
* 960 96 12 5 6 0 5 6
+2 6
+3 21 0 3
cfn=(342)
calls=3 132 
* 308 15 12 6 0 0 6
+2 6
+19 33 27 0 1 0 0 1

fl=(130)
fn=(430)
28 1014 78 468 3 0 0 3
+4 78
+1 156
-1 156 0 78
+1 78
-1 78 0 78
+1 78 78 0 0 1
-1 78 0 78
+1 78 78 0 0 1
-1 78 0 78
+1 78 0 78
cfi=(131)
cfn=(432)
calls=78 1289 
* 56419 12416 8724 122 23 10 122 12 2
+4 390 234 0 1 0 0 1

fl=(96)
fn=(288)
33 1 0 0 1 0 0 1
fi=(159)
+3 3 1 0 1 0 0 1
-2 1
+2 1 1
-2 2
fe=(96)
-1 1 1

fl=(121)
fn=(386) ptmalloc_init.part.0
289 5 1 2 1 0 0 1
+13 1 1
-8 1 0 1
+8 1
+6 4 1 1 1 1 1 1
fi=(119)
1795 3
+3 4 0 1 0 0 1 0 0 1
-3 2 0 0 1 0 0 1
+3 504 0 126 0 0 32 0 0 31
-3 252
+11 1 0 1 0 0 1 0 0 1
fe=(121)
313 2
fi=(119)
1807 1 0 1 0 0 1 0 0 1
+2 1 0 1
fe=(121)
313 3 0 1
cob=(2)
cfi=(18)
cfn=(406)
calls=1 0 
* 804 258 131 5 51 22 2 2
+1 4 0 1 1 0 0 1
cob=(2)
cfi=(18)
cfn=(406)
calls=1 0 
* 22 5 1 0 2
+1 4 0 1
cob=(2)
cfi=(18)
cfn=(406)
calls=1 0 
* 21 5 1 0 1
+1 4 0 1
cob=(2)
cfi=(18)
cfn=(406)
calls=1 0 
* 22 5 1 0 1
+1 4 0 1 1 0 0 1
cob=(2)
cfi=(18)
cfn=(406)
calls=1 0 
* 22 5 1 0 1
+1 4 0 1
cob=(2)
cfi=(18)
cfn=(406)
calls=1 0 
* 21 5 1 0 1
+1 4 0 1
cob=(2)
cfi=(18)
cfn=(406)
calls=1 0 
* 22 5 1 0 1
+1 4 0 1 1 0 0 1
cob=(2)
cfi=(18)
cfn=(406)
calls=1 0 
* 22 5 1 0 2
+2 4 0 1
cob=(2)
cfi=(18)
cfn=(406)
calls=1 0 
* 22 5 1 0 1
+1 4 0 1
cob=(2)
cfi=(18)
cfn=(406)
calls=1 0 
* 22 5 1
+1 4 0 1 1 0 0 1
cob=(2)
cfi=(18)
cfn=(406)
calls=1 0 
* 22 5 1 0 2
+3 4 0 1
cob=(2)
cfi=(18)
cfn=(406)
calls=1 0 
* 22 5 1 0 2
+69 2 2 0 0 2 0 0 1
+1 2
+3 1 0 1 0 0 1
+1 6 4 0 0 1
-98 5 0 1 1 0 1 1 0 1
cfi=(122)
cfn=(388)
calls=1 126 
* 72444 14596 151 25 1093 13 25 911 5
* 2
+1 4 2 0 1 0 0 1

fl=(77)
fn=(248)
31 2 0 0 1 0 0 1
fi=(161)
+1 6 4
-2 10
fe=(77)
+1 2 2

fl=(141)
fn=(470)
212 156 0 0 1 0 0 1
+1 156
+1 156
+1 156
+17 156
+1 156
+44 156 0 0 1 0 0 1
+1 156
+2 155
+1 155
+1 153 0 0 1 0 0 1
+1 153
+1 153
+1 153
+1 60
+1 60 60
+1 60 0 60
+2 60 60
+14 1 1
+1 1 1
+1 1 0 1
+1 1 0 1
+1 1 1
+4 2 2
+1 2 2
+1 2 0 2
+1 2 0 2
+1 2 2
+10 93 93 0 1 0 0 1
+1 93 93
+1 93 0 93
+1 93 0 93
+1 93 93

fl=(108)
fn=(336)
83 1 0 0 1 0 0 1
+1 4 2 0 0 1
+1 3 2 0 1 0 0 1
+1 3 2 0 0 1
+2 1 1

fl=(138)
fn=(452)
78 9 1 4 2 0 1 2
+6 4 2
fi=(140)
941 3
+2 2
+1 2 0 0 1 0 0 1
fe=(138)
84 3 1 1 0 0 1
cfi=(135)
cfn=(454)
calls=1 1147 
* 16 2 0 2 0 0 2
* 2
+2 4 1
+11 4 1 0 0 1
+4 2 0 1 1 0 0 1
cob=(2)
cfi=(18)
cfn=(458)
calls=1 0 
* 195 36 28 3 1 5 3 0 1
* 1
+1 2
+2 4 0 1
cfi=(137)
cfn=(460)
calls=1 329 
* 25 7 6 2 0 0 2
+1 1
+1 8 6
-15 1 1 0 1 0 0 1
fi=(163) /build/glibc-SzIz7B/glibc-2.31/libio/../include/sys/sysmacros.h
-44 6 0 0 1 0 0 1
fe=(138)
+44 1
-2 2
+5 2 0 1

fl=(94)
fn=(284)
29 1 0 0 1 0 0 1
fi=(162)
+1 5 2 0 1 0 0 1
fe=(94)
-1 1 1

fl=(92)
fn=(280)
29 1 0 0 1 0 0 1
fi=(158)
+3 3 2
-2 5
fe=(92)
-1 1 1

fl=(117)
fn=(374)
28 3 0 1
+2 2
-1 1 0 1
+5 3 2 0 1 0 0 1

fl=(120)
fn=(382)
29 2 0 1 1 0 0 1
fi=(121)
291 1 1 0 0 1 0 0 1
fe=(120)
29 3 0 2
+1 2 1 1
fi=(121)
291 3 0 1
cfn=(386)
calls=1 -2 
* 74339 14920 441 39 1162 73 36 914 40
* 1 1 0 0 1
fi=(119)
3032 2 0 0 1 0 0 1
1208 2
+2 4
3044 4 2 0 0 1
+12 3 1 0 1 0 0 1
+2 3 0 1
cfn=(416)
calls=1 1208 
* 141 24 24 3 0 1 3 0 1
* 1
+1 7 1
fe=(120)
33 5 4
fi=(119)
1210 4 0 0 1 0 0 1
2978 4 2 1 1 1 0 1
cfn=(412)
calls=1 +3 
* 476 82 145 39 8 11 39 1 11
+69 2 1
+1 5 1
+1 3 1
fe=(120)

fl=(68)
fn=(228)
31 2 0 0 1 0 0 1
fi=(161)
+1 6 4
-2 10 0 0 1 0 0 1
fe=(68)
+1 2 2

fl=(105)
fn=(328)
30 1 0 0 1 0 0 1
+1 2
-1 4 0 2
+1 3 1
+2 3 0 1
cob=(2)
cfi=(18)
cfn=(330)
calls=1 -33 
* 36 3 0 5 1 0 5
+4 5 1 1 0 1 1
+1 3 2 1 1 0 0 1
+2 4 3

fl=(99)
fn=(294)
31 1
fi=(158)
+1 3 2
-2 5 0 0 1 0 0 1
fe=(99)
+1 1 1

totals: 272439 62951 24460 1178 2532 673 1153 2065 605
